57 0.5015723294327551 0.5508797200520833 0.44654091322874534 0.25635777791341147
0 0.24759239666789826 0.5961502583821615 0.3334316023403469 0.5595653279622396
0 0.05202191678648345 0.4450728861490885 0.10350334770425774 0.22266805013020832
0 0.6080974775882856 0.45441650390625 0.2216980702104076 0.18924151102701822
73 0.5740959200713674 0.7774957275390625 0.14897800485911247 0.06632664998372396
73 0.47464621638242843 0.7345940144856771 0.08372640936138769 0.03000493367513021
73 0.6136006306029286 0.5435100301106771 0.09040882844100032 0.025793711344401043
73 0.4715015575169182 0.7588084920247395 0.08215411790943918 0.028952128092447918
73 0.47287737425618387 0.7580189005533854 0.08254718127722464 0.027372894287109376
73 0.47287737425618387 0.7580189005533854 0.08254718127722464 0.027372894287109376
73 0.474449703688939 0.757229258219401 0.08726413159468342 0.028952128092447918
57 0.10834316593115569 0.7269611612955729 0.21570361647163774 0.3295276387532552
73 0.46462262574381613 0.7856550089518229 0.07154091322874534 0.025793711344401043
73 0.6112421364537959 0.594307861328125 0.0762578635462041 0.027372894287109376
73 0.4770047485123678 0.8072374471028646 0.058569176418112164 0.025793711344401043
73 0.46501572709240824 0.7856550089518229 0.07311320468069384 0.025793711344401043
73 0.4659984424830818 0.786707763671875 0.0742924707456635 0.024740854899088543
73 0.46560534113448976 0.7853917948404948 0.07272014131290837 0.026320088704427085
73 0.4716981461720208 0.76012451171875 0.0833333459936022 0.027372894287109376
41 0.42826257407776525 0.41348876953125 0.015330192978959241 0.030004908243815104
73 0.47366353897256147 0.75328125 0.08411951070997978 0.023161722819010418
41 0.42845912475206127 0.41375195821126304 0.014937091630367143 0.02947850545247396
39 0.4029088284410003 0.6880074055989583 0.016509459043928906 0.085277099609375
73 0.46521223978589765 0.7859181722005208 0.07272014131290837 0.025267283121744793
56 0.10785180823581887 0.7285403442382813 0.21472090108096414 0.32847488403320313
73 0.4659984424830818 0.7856550089518229 0.07507859748123444 0.024740854899088543
73 0.4730738869496733 0.7561764526367187 0.08294024464501011 0.025793711344401043
73 0.6134040799286326 0.590359853108724 0.08136791521225498 0.022635294596354168
73 0.4711084941491327 0.7822333780924479 0.08058175049587742 0.03684814453125
73 0.6187106822689795 0.5677245585123698 0.09276732259013301 0.022635294596354168
73 0.4659984424830818 0.7606508890787761 0.09316038595791848 0.028425699869791668
73 0.6141902826258168 0.5624605305989583 0.09630504482342875 0.018424072265625
73 0.46501572709240824 0.7859181722005208 0.0723270779451229 0.025267283121744793
73 0.6167452514876323 0.5656189473470052 0.09512577875845908 0.020529683430989584
73 0.6151729980164904 0.5698301696777344 0.08805033429186761 0.020529683430989584
0 0.3105346071994594 0.49823949178059895 0.2059748518444695 0.09422597249348959
73 0.46521227776670426 0.7853917948404948 0.07350630602928594 0.026320088704427085
73 0.6189072709240822 0.56904052734375 0.0931604239387251 0.020003306070963543
73 0.6173349414913271 0.5695669555664062 0.09001576507321483 0.020003255208333334
73 0.6189072329432755 0.56904052734375 0.09158805652516334 0.021056060791015626
73 0.4677672846093264 0.7890765889485677 0.0762578635462041 0.025267333984375
39 0.40231921439891877 0.6880074055989583 0.016116357695336807 0.0863299560546875
73 0.6145833459936022 0.5700933837890625 0.08922960035683727 0.021056060791015626
73 0.4527319366322145 0.7511756388346355 0.12598271539067363 0.050534566243489586
73 0.6139937319515207 0.5627237447102864 0.09355348730651059 0.01789764404296875
73 0.4762185458151836 0.7574924723307291 0.08687106822689794 0.028425699869791668
73 0.6177279668783059 0.5666717529296875 0.09316034797711185 0.021582438151041668
73 0.6141902826258168 0.5653557332356771 0.09551888010705119 0.021056060791015626
73 0.6149764093613876 0.5632501220703126 0.09473275337148024 0.020003255208333334
73 0.6134040799286326 0.5706197611490885 0.09158809450596997 0.026320088704427085
65 0.24744497416697456 0.5406148274739583 0.045597477588285626 0.027372894287109376
57 0.36419028262581676 0.6493168131510416 0.7275943625544493 0.4553376770019531
74 0.5113993693970714 0.14712936401367188 0.045597477588285626 0.0615890375773112
39 0.40231917641811216 0.6885338338216146 0.016902522411714374 0.08738276163736979
73 0.6181210682268979 0.5687773640950521 0.09316038595791848 0.020529683430989584
57 0.10763070297003831 0.6548441060384115 0.21555621296111738 0.4842898559570312
