57 0.6287342529296875 0.6373820190429688 0.4485062662760417 0.38443392944335936
75 0.15738010660807292 0.34846697998046877 0.03606523640950521 0.10495285034179687
58 0.08633057657877605 0.5047169799804687 0.05473663330078125 0.15330191040039062
45 0.47779085286458334 0.66273583984375 0.07979557291666667 0.06721697998046874
75 0.378635986328125 0.6211674194335938 0.019850626627604166 0.0854952392578125
58 0.18165289306640625 0.18853182983398437 0.054147003173828125 0.09227593994140625
58 0.8301886393229166 0.807193359375 0.09591194661458333 0.168632080078125
75 0.352692626953125 0.6362028198242188 0.019850626627604166 0.0660377197265625
75 0.3525943196614583 0.6362028198242188 0.019654093424479168 0.0660377197265625
75 0.352692626953125 0.6364976196289063 0.019850626627604166 0.0654481201171875
56 0.8616351725260417 0.787146240234375 0.27201253255208335 0.41155657958984376
45 0.18052278645833333 0.6415093994140625 0.05719338989257813 0.036556640625
75 0.4388757731119792 0.3968160095214844 0.031839599609375 0.06721697998046874
58 0.96383642578125 0.32532427978515627 0.0738994140625 0.522700439453125
75 0.08839425659179688 0.5589622192382813 0.0437303466796875 0.0471697998046875
58 0.9642294921875 0.3242924499511719 0.07311319986979167 0.5141509399414063
58 0.8252750651041667 0.8068985595703125 0.107311279296875 0.16804248046875
75 0.184257080078125 0.21432781982421875 0.021422953287760418 0.041273590087890624
65 0.43553458658854166 0.7001768798828125 0.0345911865234375 0.02417449951171875
75 0.18450272623697916 0.21477005004882813 0.021324686686197917 0.04097877502441406
57 0.8622247721354167 0.7865565795898437 0.2724056803385417 0.41273583984375
75 0.0940939432779948 0.19958724975585937 0.04549921162923177 0.043042449951171874
60 0.4489976399739583 0.7783018798828125 0.3567216796875 0.32075469970703124
