58 0.14740567888532366 0.38934051203848746 0.08490566798618862 0.21439915381107233
58 0.6853380911690848 0.36961159488271333 0.1080975341796875 0.28179172573960976
75 0.2765330287388393 0.4598757361397525 0.034984261648995534 0.06355153969701777
75 0.40762581961495536 0.05988511216216886 0.025943385532924107 0.05901214677065157
57 0.6141902378627232 0.6924325391120717 0.7040094430106026 0.412735876093056
75 0.40792061941964286 0.05971051714747085 0.026139962332589285 0.05936133680004759
75 0.40772408621651784 0.05971051714747085 0.02574685232979911 0.05936133680004759
58 0.7769260951450893 0.6620534519253648 0.09709119524274554 0.21928777549472558
75 0.4081171526227679 0.0602342973505785 0.026533028738839285 0.05971051714747085
75 0.4176493617466518 0.15294273492648516 0.026336451939174107 0.09358138844446483
56 0.09249705723353795 0.7444609821145305 0.1843062046595982 0.45254288107005475
75 0.40792061941964286 0.05971051714747085 0.026139962332589285 0.05936133680004759
75 0.3987814767020089 0.1709257212992247 0.019260995047433036 0.059710507465498094
75 0.40762581961495536 0.06023429250959213 0.025943385532924107 0.05901214677065157
75 0.39868321010044644 0.17075113596649943 0.018671395438058035 0.05936133680004759
75 0.7865565708705358 0.733287056085422 0.0463836669921875 0.07402712439522526
75 0.3985849434988839 0.17144949666134596 0.018867928641183036 0.05866295674125555
73 0.3630110386439732 0.0453939631505666 0.020440259660993304 0.06844012749376636
73 0.36222486223493305 0.04487018294745895 0.020833326067243304 0.068789312682176
73 0.36251966203962055 0.04469559277374732 0.020636771065848214 0.06844012265277997
73 0.3638954598563058 0.04574314833897625 0.021422947474888394 0.06774175711694708
73 0.36251966203962055 0.04487018294745895 0.020243704659598214 0.06809094230535671
73 0.36743321010044644 0.04748906944003807 0.01670597621372768 0.06774176195793345
75 0.39868321010044644 0.17075111660255393 0.019457528250558034 0.060059697494894114
75 0.40772408621651784 0.06023429250959213 0.026533028738839285 0.05901214677065157
75 0.5202437046595982 0.0562186749453472 0.012971670968191963 0.07402708082634786
73 0.36261792864118303 0.044870187788445336 0.020440237862723216 0.06739257676952382
58 0.22661163330078124 0.2281919372868417 0.04638364519391741 0.17494133886346963
75 0.1666666739327567 0.4734939342827966 0.027515716552734375 0.044695626660651966
75 0.39848663330078127 0.16987817057498217 0.019850638253348214 0.060408887524290134
39 0.5202437046595982 0.0562186749453472 0.012971670968191963 0.07402708082634786
73 0.7124606759207589 0.7434134701181789 0.0845125470842634 0.05796457668246351
73 0.6338443429129464 0.6830044664102157 0.057782985142299105 0.02514129483760311
73 0.8545597621372768 0.7465560835630155 0.07075474330357143 0.043298866543067895
73 0.5265330287388393 0.16341826153285613 0.018474862234933036 0.07682055749263861
73 0.6334512765066964 0.6837029626526808 0.056996852329799105 0.029331497734573286
73 0.6338443429129464 0.6823061250793148 0.057782985142299105 0.027934737616989214
73 0.6346305193219866 0.6760208981896415 0.05542454310825893 0.02514129483760311
73 0.8545597621372768 0.7465560835630155 0.07075474330357143 0.04469554920486992
73 0.8545597621372768 0.7465560835630155 0.07075474330357143 0.04469554920486992
73 0.6342374529157366 0.6767192395205425 0.05542454310825893 0.02653797749940514
73 0.8541666957310268 0.7469052542284661 0.07154087611607143 0.04399720787396891
73 0.8541666957310268 0.7465560835630155 0.07154087611607143 0.043298866543067895
73 0.8541666957310268 0.7472544248939166 0.07154087611607143 0.04469554920486992
73 0.8541666957310268 0.7465560835630155 0.06996861049107143 0.04469554920486992
39 0.5204402378627232 0.05604408477163557 0.012578604561941964 0.0743762660147575
73 0.6340409197126116 0.6767192395205425 0.055817609514508926 0.02653797749940514
75 0.2505896432059152 0.4787316879040094 0.01611635480608259 0.030029839065474302
75 0.3987814767020089 0.17040194593710342 0.019260995047433036 0.061456438248532676
73 0.8545597621372768 0.746206912897565 0.07075474330357143 0.04399720787396891
63 0.7128538295200892 0.7427150513314958 0.08529876708984375 0.05796465413824556
73 0.537342790876116 0.16429122692437342 0.011006295340401786 0.07088441413066109
75 0.5204402378627232 0.05604408477163557 0.012578604561941964 0.0743762660147575
73 0.5121855817522322 0.16376745156225214 0.00786163330078125 0.07332871529051495
57 0.09242335728236607 0.7455084941108819 0.18484671456473215 0.4532412611288468
73 0.20170009068080358 0.2809187990759835 0.012480337960379465 0.07297951557914617
73 0.6369890485491071 0.7493495263424016 0.06643079485212054 0.029331497734573286
73 0.6350236293247767 0.7151294843799572 0.061713823590959824 0.02653805495518718
73 0.6375786481584822 0.7524922172430203 0.06918239048549107 0.030029839065474302
73 0.5465802001953125 0.16324367620013086 0.009827052525111606 0.07297951557914617
75 0.25049137660435267 0.4787316879040094 0.015133645193917411 0.030029839065474302
75 0.34974450247628347 0.1468320062317824 0.01788521902901786 0.030379029094870322
73 0.6377751813616072 0.7528413879084708 0.06878932407924107 0.029331420278791244
73 0.5467767333984375 0.16341826153285613 0.012578604561941964 0.07542380705702728
58 0.22651336669921876 0.19205137920863738 0.04618711199079241 0.10126345290750416
73 0.6373821149553571 0.7524922172430203 0.06878928048270089 0.035616802080028556
73 0.518474862234933 0.16516419231589072 0.008647809709821428 0.07053523378323782
73 0.5208333478655134 0.16498958761921995 0.008647809709821428 0.07018604375384181
73 0.36438681466238837 0.04591773851268788 0.022012590680803572 0.07018604375384181
73 0.5336084856305804 0.1655133629813412 0.009827052525111606 0.07053522410126507
73 0.5463836669921875 0.16376743219830664 0.008647809709821428 0.07193196485490364
73 0.6369890049525669 0.7510955345812182 0.06721697126116072 0.03422004196244448
73 0.6336478097098214 0.6830044664102157 0.058176095145089285 0.029331497734573286
73 0.5318396432059151 0.1651641729519452 0.0070754568917410715 0.07123359447808435
73 0.2022405787876674 0.28109338440870874 0.012185538155691964 0.07263034491369567
73 0.6336478097098214 0.6847504746490324 0.05738991873604911 0.030029839065474302
73 0.8537736293247767 0.7465560835630155 0.07075474330357143 0.043298866543067895
