60 0.9139151128542001 0.7317217369938204 0.1690251226721597 0.13561319921560994
57 0.20283020935385684 0.7417453385626005 0.40487422309376675 0.4905660942053105
58 0.5487421655194936 0.6577240677125201 0.09276732090074022 0.15271226692813003
56 0.8852201504722669 0.8782429097166399 0.22641504743602625 0.22700475956466037
75 0.5493317795208669 0.7013561579958802 0.04913519790829314 0.06544813542504019
58 0.23673350506912347 0.4575471540739299 0.12676887471320672 0.1686320657515449
45 0.9803458946694131 0.7069575564271001 0.039308145242999734 0.06603773307186997
56 0.8950472031375603 0.6600825564271001 0.14858495256397375 0.22582546614373994
74 0.6959512430499732 0.6176297595646604 0.031053418387426313 0.0501179587802703
74 0.696147759244373 0.6176297595646604 0.030660385998626742 0.0501179587802703
58 0.37519654890348675 0.4716981354250402 0.047955969905546625 0.07783017664476989
74 0.6961478246625469 0.6176297595646604 0.03144651619439979 0.0501179587802703
74 0.6963443408569466 0.6176297595646604 0.031053483805600215 0.0501179587802703
73 0.4858490677125201 0.6869104023531702 0.08254717042847334 0.03537733071869976
58 0.2373231354250402 0.4572523797823302 0.12873428197535672 0.16804246810471513
73 0.6521226365722133 0.5925708047063404 0.062106902193026524 0.03655657507598975
73 0.7948113182861066 0.6435731354250402 0.055031403340199625 0.03832546614373995
73 0.6523191527666131 0.5928655789979401 0.06171386980422695 0.03714622178644996
58 0.2663129048076601 0.4864387144229803 0.06878930323887995 0.1120283120698101
73 0.6519261203778135 0.5928655789979401 0.061713804386053055 0.03596697742915997
73 0.7942217042847334 0.6435731354250402 0.05621069676112004 0.03596697742915997
73 0.6525157343791868 0.59375 0.061320771997253484 0.03773586849691017
73 0.4848663559041734 0.7072523797823301 0.0845125940451668 0.03125
73 0.6456368171389335 0.6176297595646604 0.07350628066803992 0.030070755642710008
73 0.48506293751674706 0.7060731354250402 0.08411949623819333 0.028891511285420016
58 0.2095125940451668 0.45666273307187 0.0735062970225834 0.16568395485831994
73 0.650746892375067 0.5958137144229803 0.06407232580971998 0.033608488714579984
73 0.7950078998986804 0.6435731354250402 0.05621069676112004 0.03596697742915997
73 0.6517296041834137 0.5934552257084004 0.06289309780697347 0.034787733071869976
73 0.48466983970977356 0.70666273307187 0.08411949623819333 0.033608488714579984
73 0.49095914294865356 0.6659788272771805 0.06367926071183347 0.020636800784390074
57 0.8950472031375603 0.65860848871458 0.14858495256397375 0.22523586849691016
73 0.7889151128542001 0.6677476692813002 0.0668238796221865 0.03832546614373995
73 0.7944182858973071 0.6420990677125201 0.05581759895414657 0.03655662413962018
73 0.48545600261463356 0.7034198233552301 0.08333333333333333 0.02358488714579984
73 0.6505503107624933 0.5958137144229803 0.06446542361669347 0.033608488714579984
73 0.7948113182861066 0.6423938420041198 0.055031403340199625 0.03714622178644996
73 0.4891902682354468 0.66597877821355 0.06407232580971998 0.021816045141680063
57 0.8850236342778671 0.8776533611334405 0.22680814524299972 0.22582546614373994
73 0.7952044160930801 0.6432783120698101 0.05424527314442658 0.038915112854200164
73 0.4848663559041734 0.7063679097166399 0.0845125940451668 0.028301913638590234
73 0.65153302257084 0.5934552257084004 0.06328619561394695 0.034787733071869976
73 0.7849843310389871 0.6701061579958802 0.07625789989868033 0.034787733071869976
73 0.4884041053305868 0.6668632482792404 0.07036162904859995 0.022405642788509848
73 0.7865565914305332 0.6689269136385902 0.07154085705134647 0.033608488714579984
74 0.6965409224695204 0.6167453385626005 0.03144658161257369 0.049528312069810086
73 0.7853773634277867 0.67069575564271 0.07389937847501339 0.03596697742915997
73 0.4848663559041734 0.7040094210020599 0.08294026823544681 0.028301913638590234
73 0.4868317795208668 0.6653891805667203 0.06878930323887995 0.022995289498970055
73 0.7904874386639201 0.66597877821355 0.06367922800274652 0.03596697742915997
73 0.78753930323888 0.6683373159917605 0.069575433434653 0.03714622178644996
56 0.8946541053305869 0.6400354023531702 0.14779875695002678 0.18808964671046022
74 0.6959512430499732 0.6176297595646604 0.031053418387426313 0.0501179587802703
75 0.3826651128542002 0.4955777968624397 0.012185541379873393 0.03242924435728999
73 0.7902909224695204 0.6662736015687801 0.06407232580971998 0.03066035328953979
73 0.48466983970977356 0.70784197742916 0.08333333333333333 0.02417448479262962
73 0.7946148020917069 0.6438679097166399 0.055424501147173094 0.03537737978233019
57 0.20587657016700997 0.65389151128542 0.3995676316632335 0.31721697742915994
73 0.7920597644736401 0.6636203385626005 0.06053457638330654 0.022995289498970055
73 0.7857704612347601 0.66951651128542 0.07311318286106645 0.034787733071869976
73 0.38689073437918675 0.58048348871458 0.008844340856946678 0.053655642788509844
73 0.48368712790142687 0.7063679097166399 0.08294026823544681 0.034198086361409766
74 0.6961478246625469 0.6173349362094303 0.03144651619439979 0.05070755642710008
73 0.7845912332320136 0.6689269136385902 0.07704403009445338 0.033608488714579984
