57 0.4858490545099432 0.6798065351855203 0.5393081942471591 0.300434413982672
58 0.5489387096058239 0.6176578199506131 0.19300317937677558 0.253896562539914
75 0.5385220059481534 0.6968900592190693 0.05660378196022727 0.09071944649927623
56 0.15492334539240057 0.7985075656984417 0.2727004727450284 0.3823175248398118
56 0.8156446977095171 0.7719986835032783 0.24606922496448863 0.3587540462816119
57 0.36988991477272726 0.6780392597416766 0.31210690585049716 0.28865263312649014
56 0.9736634410511363 0.6718538788423876 0.05424527254971591 0.24800567211182306
57 0.155119892467152 0.7985075656984417 0.27309356689453124 0.3823175248398118
57 0.8156446977095171 0.7719986003491145 0.24606922496448863 0.3599322160518137
45 0.5045204856178978 0.7287007261686819 0.04992137562144886 0.057730526625298026
60 0.5031446422230114 0.8456346059690054 0.27044028542258525 0.25036197007514477
57 0.65507080078125 0.6724429429389476 0.20479564319957386 0.3045580705440012
