57 0.1838639933268229 0.8357900390625 0.3468946533203125 0.31191033935546875
75 0.9359276529947916 0.54805419921875 0.046383626302083335 0.11733489990234375
58 0.17079402669270832 0.28920989990234375 0.1694182332356771 0.20459906005859374
75 0.6900550130208334 0.7579598388671875 0.0467767333984375 0.15860845947265625
56 0.3528891194661458 0.6636202392578125 0.06819968668619791 0.16686322021484376
75 0.8934747721354167 0.57665087890625 0.040094319661458336 0.04952825927734375
56 0.5357704264322917 0.712853759765625 0.15172957356770833 0.20872637939453126
75 0.8934747721354167 0.57665087890625 0.040094319661458336 0.04952825927734375
75 0.8934747721354167 0.57665087890625 0.040094319661458336 0.04952825927734375
75 0.8934747721354167 0.5763560791015625 0.040094319661458336 0.04893865966796875
75 0.35298738606770835 0.5353773193359375 0.02397798665364583 0.05424530029296875
56 0.843946533203125 0.8490565795898437 0.2916666666666667 0.2900943603515625
75 0.3531839192708333 0.5353773193359375 0.02397798665364583 0.05424530029296875
75 0.8934747721354167 0.5769457397460938 0.040094319661458336 0.050117919921875
75 0.8934747721354167 0.5763560791015625 0.040094319661458336 0.050117919921875
73 0.48643863932291664 0.8767688598632812 0.0900157470703125 0.0625
73 0.5601414794921875 0.8661556396484374 0.08490568033854166 0.06485845947265625
75 0.6415093994140625 0.7841980590820312 0.044025146484375 0.08726416015625
75 0.8934747721354167 0.5763560791015625 0.040094319661458336 0.04893865966796875
75 0.35279085286458334 0.5353773193359375 0.02397798665364583 0.05424530029296875
58 0.7749606119791667 0.53242919921875 0.094732666015625 0.10259432983398438
75 0.7209119466145834 0.5327240600585937 0.05974845377604167 0.07841983032226563
73 0.48663517252604166 0.876768798828125 0.0904088134765625 0.06132073974609375
73 0.48663517252604166 0.8767688598632812 0.0904088134765625 0.0625
73 0.48643863932291664 0.87617919921875 0.0908018798828125 0.06367926025390624
73 0.48663517252604166 0.8764739990234375 0.0904088134765625 0.06308966064453125
75 0.353085693359375 0.5356721801757812 0.023781453450520833 0.05365567016601563
75 0.3532822265625 0.53508251953125 0.024567626953125 0.0536556396484375
73 0.48643863932291664 0.876768798828125 0.0908018798828125 0.06603778076171875
75 0.37676883951822915 0.5412735595703125 0.022798746744791668 0.0412735595703125
56 0.4744496663411458 0.6235259399414063 0.13600626627604168 0.150353759765625
56 0.43396223958333335 0.616450439453125 0.06525154622395833 0.113797119140625
73 0.4243317057291667 0.8493513793945312 0.0593553466796875 0.0524764404296875
75 0.8934747721354167 0.5769456787109375 0.040094319661458336 0.04893865966796875
75 0.43671378580729164 0.8122052001953125 0.030660359700520834 0.05719342041015625
73 0.48663517252604166 0.8803065795898437 0.0904088134765625 0.069575439453125
58 0.3923938802083333 0.44295401000976564 0.1090802001953125 0.22965802001953126
73 0.48643863932291664 0.87617919921875 0.0900157470703125 0.06367926025390624
60 0.3724449462890625 0.6303065795898437 0.10338051350911458 0.156839599609375
75 0.35298738606770835 0.5347877197265625 0.024371053059895835 0.055424560546875
73 0.4872248128255208 0.875589599609375 0.09001570638020834 0.0589622802734375
58 0.7971697591145833 0.41907427978515627 0.40723270670572914 0.835200439453125
73 0.48683174641927085 0.8764739990234375 0.09001570638020834 0.06426885986328125
58 0.393867919921875 0.39887969970703124 0.10534590657552083 0.13974053955078125
58 0.769654052734375 0.2887676696777344 0.35062890625 0.5710494995117188
73 0.4870282796223958 0.87617919921875 0.09040877278645833 0.0625
58 0.77063671875 0.5321343994140625 0.10338045247395833 0.1031839599609375
75 0.3525943196614583 0.5347877197265625 0.023978006998697916 0.055424560546875
57 0.4728773600260417 0.6232310791015625 0.13757857259114584 0.15094342041015624
75 0.35279085286458334 0.5353773193359375 0.025157206217447915 0.05424530029296875
75 0.5591587727864583 0.819575439453125 0.02397798665364583 0.07665093994140625
60 0.372936279296875 0.62883251953125 0.1039700927734375 0.1538914794921875
75 0.5591587727864583 0.8198702392578125 0.02397798665364583 0.0784197998046875
58 0.737814453125 0.6712853393554687 0.052672932942708334 0.238797119140625
75 0.7729952799479166 0.5563089599609375 0.03970125325520833 0.0465802001953125
73 0.48643863932291664 0.87883251953125 0.0908018798828125 0.07016510009765625
57 0.844339599609375 0.8493513793945312 0.2924527994791667 0.2918631591796875
75 0.22464621988932293 0.525943359375 0.029481119791666666 0.02358489990234375
73 0.48663517252604166 0.8741155395507813 0.0904088134765625 0.061910400390625
60 0.500982666015625 0.8785377197265625 0.25196537272135416 0.22641510009765625
