57 0.3413914794921875 0.7159703154630215 0.1725628865559896 0.2601495446206345
58 0.5153301595052083 0.739450871869074 0.03223270670572917 0.06410558727085967
58 0.24597090657552084 0.7547318835927623 0.037539306640625 0.08125013889163243
58 0.24587263997395833 0.7547318835927623 0.03734275309244792 0.08125013889163243
58 0.24597090657552084 0.7547318835927623 0.03793239339192708 0.08125013889163243
58 0.24597090657552084 0.7551045761397756 0.03793239339192708 0.081995601147677
58 0.14833922322591145 0.7793305176398546 0.05591587320963542 0.0767776740034371
58 0.14829007975260416 0.7785851325458281 0.056014149983723956 0.07826852135350822
58 0.1482900899251302 0.7789578250928414 0.05581760660807292 0.07752313625948166
58 0.14838835652669272 0.7789578250928414 0.05581760660807292 0.07752313625948166
58 0.24626570638020834 0.7547318835927623 0.038128926595052084 0.08125013889163243
58 0.24587263997395833 0.7547318835927623 0.03773586018880208 0.08125013889163243
58 0.24616743977864583 0.7551045761397756 0.03793239339192708 0.081995601147677
58 0.14824094645182292 0.7785851325458281 0.05630894978841146 0.0767776740034371
58 0.14848663330078124 0.7793305176398546 0.05581759643554687 0.0767776740034371
58 0.14829007975260416 0.7785851325458281 0.056014149983723956 0.0767776740034371
58 0.14843748982747396 0.7789578250928414 0.05591587320963542 0.07752313625948166
58 0.16224449666341145 0.6760906696922409 0.05876572672526042 0.16250027778326487
58 0.14819181315104166 0.7785851325458281 0.05621068318684896 0.0767776740034371
58 0.24626570638020834 0.7547318835927623 0.038128926595052084 0.08125013889163243
58 0.1487322998046875 0.7789578250928414 0.05630894978841146 0.07752313625948166
58 0.14873230997721354 0.7793305176398546 0.055522806803385415 0.0767776740034371
58 0.24606917317708332 0.754359191045749 0.03773583984375 0.08199552398565897
57 0.425904052734375 0.7375873319719896 0.34316035970052083 0.2974202268192952
74 0.96462255859375 0.3389771047946626 0.05345906575520833 0.2284694242417134
57 0.5161163330078125 0.6835448292805784 0.157232666015625 0.18337187061719737
74 0.96462255859375 0.33953614361518253 0.05345906575520833 0.2288421553697357
58 0.24597090657552084 0.754359191045749 0.03793239339192708 0.08199552398565897
58 0.1485357666015625 0.7793305176398546 0.0561124267578125 0.0767776740034371
58 0.3143671061197917 0.9004603794642857 0.04225628662109375 0.05068811544425569
57 0.5161162923177083 0.7338602521778208 0.1595911865234375 0.28549360234276233
58 0.31397403971354165 0.9012057645583123 0.041077046712239586 0.0521789627943268
56 0.519260986328125 0.7487685713544959 0.169025146484375 0.3197827055843078
58 0.31397403971354165 0.9015784571053256 0.041077046712239586 0.05292434788835335
58 0.19334708658854166 0.7763488229397124 0.04137186686197917 0.06634181971495733
73 0.5174921061197917 0.7808213649899257 0.060141520182291665 0.02310786385903919
58 0.3456171061197917 0.8915153725258771 0.0218160400390625 0.04621572771807838
58 0.312696533203125 0.8993422246612279 0.03891510009765625 0.05143357770030025
58 0.31417059326171876 0.9015784571053256 0.0406839599609375 0.05143357770030025
60 0.5149370930989583 0.863189581522598 0.18789306640625 0.20573438796321902
41 0.3456171061197917 0.8915153725258771 0.0218160400390625 0.04621572771807838
58 0.1483392333984375 0.7793305176398546 0.05552279663085938 0.0767776740034371
58 0.24587263997395833 0.7547318835927623 0.038128926595052084 0.08125013889163243
58 0.34571541341145834 0.8907699102698325 0.0216195068359375 0.04621565055606037
58 0.19364188639322916 0.7756034378456859 0.04156837972005208 0.06634189687697535
58 0.1485357666015625 0.7785851325458281 0.05473662312825521 0.0767776740034371
73 0.5149370930989583 0.781194057536939 0.06289306640625 0.028325713841261063
73 0.5159197591145833 0.7815667500839523 0.06328617350260417 0.02310786385903919
