57 0.8292059702932099 0.8180566340221433 0.33844340760030867 0.3509032460303626
57 0.22936321494020062 0.8070235906862745 0.328223259066358 0.37512198777679173
58 0.2124115668402778 0.5912073224359787 0.08579011140046296 0.111406410119274
58 0.21255897051022377 0.591476430112724 0.08549530406057099 0.10979180532665653
56 0.4414308449074074 0.7031519066408891 0.11399368851273148 0.17598981773474476
58 0.8930817780671296 0.5564937527071713 0.21540883005401235 0.20451415850553584
75 0.616352237654321 0.7459384177970757 0.029088059413580246 0.05059034490682049
56 0.6293238811728395 0.6536379924410497 0.0613207103587963 0.09203131767928076
74 0.25569968894675926 0.4044536103099645 0.040487422236689816 0.06512162296896129
73 0.6100629340277778 0.7863030011304091 0.0628930965470679 0.03767367163729716
60 0.9319968894675926 0.8936730437056288 0.13443395543981482 0.20397602568775355
73 0.6108490668402777 0.7857648683126268 0.06367922935956791 0.03875001980856998
73 0.6094732590663581 0.786033934721518 0.0625 0.037135538819514875
73 0.609866355613426 0.7865721500750085 0.0632861930941358 0.038211886990787695
58 0.41470124421296295 0.5104780732336038 0.04088050371334877 0.0414410140403144
58 0.4145047260802469 0.5107471809103491 0.041273570119598764 0.04197922939380493
58 0.41470124421296295 0.5107471809103491 0.04088050371334877 0.04197922939380493
58 0.41479956356095676 0.5104780732336038 0.041470118393132714 0.0414410140403144
58 0.4145047260802469 0.5104780732336038 0.041273570119598764 0.0414410140403144
73 0.6102594521604938 0.7895322932513522 0.0664308449074074 0.038750102344278226
58 0.6139937186535493 0.7198360048491379 0.06525161554783951 0.10279529460625846
73 0.609866355613426 0.7887249289532623 0.0648584587191358 0.038211886990787695
58 0.41470127435378085 0.5102089655568586 0.041666666666666664 0.04197922939380493
58 0.41470127435378085 0.5104780732336038 0.041666666666666664 0.0414410140403144
58 0.41460298514660493 0.5107471809103491 0.041863214940200615 0.04197922939380493
73 0.6100629340277778 0.7887249289532623 0.0644653621720679 0.03605910811253381
73 0.6096698374807099 0.7900704260691346 0.06446542245370371 0.034444462052062204
58 0.41470124421296295 0.5110162885870944 0.04088050371334877 0.04251740347944134
75 0.8895440297067901 0.6272664305485125 0.041666666666666664 0.045746613064676304
73 0.6102594521604938 0.7911468567761156 0.06721697771990741 0.04197922939380493
57 0.4413325557002315 0.7026137738231069 0.11419023678626543 0.17491338702776368
58 0.41460298514660493 0.5104780732336038 0.041863214940200615 0.0414410140403144
73 0.6098664158950617 0.7865721500750085 0.06407232590663581 0.038211886990787695
