56 0.23132862636021206 0.7884581899884994 0.3785377284458705 0.40924401452698683
56 0.7898978097098214 0.7989336972309248 0.3856132289341518 0.3827060370275817
57 0.4418239048549107 0.5167928008258645 0.40801888602120534 0.3813092769099976
41 0.3326454380580357 0.5995495016804806 0.028498426164899553 0.08589935302734375
58 0.11003832135881697 0.17598888958771217 0.13251768929617747 0.17040194593710342
58 0.24331760951450893 0.2891246195371986 0.049528307233537947 0.15922803927194043
58 0.20233884538922992 0.4190211804385113 0.07527514866420201 0.39108640409363105
58 0.6613600812639508 0.5192370729398001 0.11988996233258929 0.14595903115829234
41 0.36556605747767856 0.551012842788309 0.0467767333984375 0.12430959788675841
41 0.3932782854352679 0.5761541376259122 0.025550319126674107 0.07402708566733424
41 0.3657625906808036 0.5499653307919575 0.0467767333984375 0.12221449643827331
58 0.7179638671875 0.40819646380274427 0.07900948660714285 0.15154599417284662
58 0.3169221714564732 0.21300243242137928 0.10043239048549107 0.24023878997957646
58 0.27731920514787944 0.327360279063888 0.03301886422293527 0.060408887524290134
58 0.27712265014648435 0.3270111083984375 0.033018886021205354 0.061107248219136656
58 0.27751573835100446 0.327360279063888 0.03301886422293527 0.060408887524290134
58 0.27722093854631696 0.3275349031245043 0.03282233101981027 0.061456457612478185
75 0.6134041050502232 0.16498958761921995 0.03891510009765625 0.06739257192853744
58 0.27731918334960937 0.32788407378995477 0.03459119524274554 0.062154798943379205
58 0.01680424690246582 0.22382714905714626 0.03518081937517439 0.11383409064433296
58 0.27731920514787944 0.32805865912268006 0.03419810703822545 0.06040890688823564
58 0.27761400495256694 0.3282332444554053 0.03478772844587054 0.061456418884587166
56 0.9791666957310268 0.7626185538199952 0.04009434291294643 0.2458257529941307
56 0.9791666957310268 0.7734432317278712 0.04166660853794643 0.274458909397803
45 0.10878537859235492 0.24023880934352196 0.0625 0.042600486484275855
60 0.93789306640625 0.7559840788090895 0.12893075125558034 0.45882814668761895
45 0.3066037859235491 0.3057108845202451 0.050707550048828126 0.04783825946943409
41 0.9716981724330357 0.5667261423798382 0.026729561941964287 0.04958417088852316
58 0.27751573835100446 0.32596355767419494 0.03537737165178571 0.06459910978520582
73 0.4628537859235491 0.6170086933271534 0.06092764718191964 0.0412037650945828
73 0.014150943756103516 0.4267032061736596 0.027220911298479353 0.16900522454741038
75 0.5681997244698661 0.16865601515406883 0.03262577601841518 0.05936132711807483
58 0.8671384102957589 0.2863311380299215 0.2688678850446429 0.5698688332804569
60 0.93789306640625 0.6103741795883566 0.12421377999441964 0.13688028403345098
56 0.9779874093191965 0.8129010660394194 0.0455975341796875 0.3589614635796716
58 0.867924543108259 0.11051684345690732 0.2688678850446429 0.21754182534774547
58 0.14185338701520647 0.3481367856717957 0.1974253409249442 0.5258715866785969
58 0.2769260951450893 0.3263127283396455 0.037342769077845984 0.06529745111610684
60 0.9382861328125 0.6002478430113817 0.12185538155691965 0.09707324032856122
60 0.9386792864118304 0.6012953937356242 0.12106916155133929 0.10056510189463039
58 0.3066037859235491 0.30553627982357434 0.05031446184430804 0.04679068938124603
73 0.0649567631312779 0.4640659777646137 0.03606524876185826 0.035616802080028556
60 0.93789306640625 0.5929149492137928 0.12264151436941964 0.08240749146127459
75 0.30621069771902903 0.30536169449084904 0.05267294747488839 0.04853662016428061
