57 0.718553466796875 0.6110912517188848 0.4496855672200521 0.4407670923715218
56 0.3506289333767361 0.4502295427429357 0.07940253363715277 0.17764990529281707
58 0.9512578667534722 0.5411911998153042 0.09905659993489584 0.16177739430543572
56 0.1727103000217014 0.7347135634335904 0.3424724663628472 0.5158561857945967
56 0.2722091335720486 0.48166933627453623 0.10613208346896702 0.197795772470206
56 0.2723074001736111 0.48197456471769845 0.10593553331163194 0.19596429648740832
56 0.1661753167046441 0.486247920907706 0.10436319986979167 0.1923014235146813
56 0.35082546657986113 0.4502295427429357 0.07979560004340278 0.17887087172737812
58 0.18499409993489582 0.3192814324208639 0.07144261678059896 0.10011882633870794
45 0.9426101345486111 0.6138384130311692 0.033018866644965277 0.027471665784755177
45 0.9422170003255208 0.6135331845880069 0.030660400390625 0.028082122671079596
56 0.10524764166937935 0.4770906989794543 0.2101022169325087 0.24358185578050853
60 0.24223663330078124 0.4657968252871549 0.3032626003689236 0.22099405573399752
57 0.10473172505696615 0.4752592756585688 0.20877554999457465 0.2374770236077033
73 0.5377358669704861 0.6269637100443539 0.10220123291015625 0.06715289059129638
73 0.5222091335720486 0.628184676478915 0.13404090033637153 0.07081578989497951
45 0.9426101345486111 0.6138384130311692 0.033018866644965277 0.02869257955740401
73 0.35465799967447914 0.10622365192877413 0.08588836669921875 0.05677471539396166
73 0.25275156656901043 0.10546054790717348 0.08451258341471354 0.04670176863978915
56 0.1430572001139323 0.5387492669461821 0.14155857510036893 0.1214856599506579
56 0.16381683349609374 0.4462614149960904 0.09768081665039062 0.11110747158784512
73 0.2607115003797743 0.1033238698121697 0.07841981675889757 0.0473122584398087
75 0.9563680013020833 0.590029646550097 0.0463836669921875 0.06410050083584987
