56 0.76945751953125 0.6426886393229166 0.35259427897135415 0.4504716796875
56 0.3103871663411458 0.5041273193359375 0.23299918619791668 0.28577042643229167
56 0.2872444864908854 0.7356525065104167 0.4152908935546875 0.42334903971354165
58 0.052476409912109376 0.5080581461588541 0.10731131998697917 0.383254638671875
75 0.48820751953125 0.44811319986979165 0.0283018798828125 0.06761006673177083
60 0.519064453125 0.6835691731770833 0.6269653727213542 0.5369496256510417
75 0.4886005859375 0.44811319986979165 0.0275157470703125 0.06761006673177083
56 0.6330581461588541 0.581564453125 0.293632080078125 0.387185546875
75 0.4886005859375 0.4479166666666667 0.0275157470703125 0.06800313313802084
58 0.020477101643880207 0.5949292399088542 0.040659393310546875 0.206367919921875
58 0.5239779459635416 0.32380110677083335 0.1462264404296875 0.31073114013671876
44 0.5625 0.44595125325520835 0.03694966634114583 0.0216195068359375
