22 0.682389892578125 0.6378242797851562 0.5408804931640625 0.6583135986328125
22 0.125 0.6323702392578125 0.24921382649739585 0.5972877197265625
22 0.1784591064453125 0.658018798828125 0.2531446533203125 0.5613207397460938
22 0.47091194661458335 0.625 0.40172953287760416 0.6462263793945312
22 0.06132074991861979 0.41037734985351565 0.11930031331380209 0.1379716796875
22 0.4242334798177083 0.6872051391601562 0.30876570638020834 0.51945751953125
22 0.7979558919270834 0.6308961791992187 0.281446533203125 0.5589622802734375
22 0.9689464518229167 0.70430419921875 0.06367928059895833 0.40742926025390624
22 0.9587263997395833 0.7143278198242188 0.07625789388020833 0.39445751953125
22 0.7667058919270834 0.6267688598632812 0.11124210611979167 0.5483489990234375
22 0.02724547831217448 0.42629714965820314 0.05498230997721354 0.09905657958984375
22 0.3131878662109375 0.6276532592773437 0.1975235799153646 0.574882080078125
22 0.3448309733072917 0.3996167297363281 0.13266507975260416 0.11704010009765625
22 0.7289700520833333 0.634728759765625 0.15212263997395833 0.557193359375
22 0.025688507080078124 0.42718157958984376 0.05357581583658854 0.099646240234375
22 0.8924920247395833 0.71462255859375 0.20243709309895833 0.39268865966796873
22 0.613404052734375 0.39003533935546875 0.10888362630208333 0.20577828979492188
22 0.33303851318359373 0.7367334594726562 0.23643868001302085 0.3649764404296875
22 0.24901729329427083 0.728478759765625 0.07036163330078125 0.3779481201171875
22 0.636989013671875 0.606132080078125 0.1591981201171875 0.6391509399414063
22 0.6149763997395833 0.61055419921875 0.11753145345052084 0.6491744995117188
