2 0.7651336495535714 0.5820880905943198 0.26533021763392856 0.20710757961335613
2 0.2515723353794643 0.6139261282287284 0.21226416015625 0.21804183239466457
2 0.49253145926339287 0.6345082443972067 0.18317609514508928 0.3029430758568548
2 0.7999214564732143 0.4351189155453775 0.18003145926339287 0.09197632806108287
2 0.18681211635044642 0.4344757493827431 0.17040094866071429 0.09712188563763734
2 0.6220518973214286 0.4418724455973878 0.13325474330357143 0.10805616695338068
2 0.3879716796875 0.4428372233757743 0.14701259068080358 0.10612658286217275
2 0.3261595982142857 0.37047817663591337 0.10514936174665178 0.0553144586036115
2 0.6735456194196429 0.3662974539066152 0.10652518136160714 0.05338487451240358
2 0.5013757672991072 0.3720861776458041 0.07036164202008928 0.05853043208895804
