2 0.8327436828613282 0.7549971344741787 0.3329402160644531 0.4678460611797919
2 0.7627751159667969 0.6996680176868736 0.41941825866699217 0.5729012606138641
2 0.3555424499511719 0.6551945947591871 0.3777515411376953 0.6562451742805192
5 0.8950471496582031 0.2643890550779075 0.20990570068359374 0.5021641312834946
2 0.62460693359375 0.2643890720698775 0.2106918716430664 0.2752447659294961
2 0.537539291381836 0.6825089826350222 0.10731132507324219 0.43913095724874723
2 0.24204008102416993 0.7098233705108574 0.48132862091064454 0.5567928730512249
2 0.35858882904052736 0.21011051781193452 0.19870283126831054 0.23252229754271644
2 0.26415094375610354 0.25440882149677235 0.18828617095947264 0.15933380466792524
2 0.1637677001953125 0.708422620471708 0.3265526580810547 0.5623958392238829
2 0.5202436828613282 0.3123643021275578 0.1804245376586914 0.09945230122929427
2 0.5980738830566407 0.47134793627766564 0.17649368286132813 0.17789358975892608
2 0.712460708618164 0.2468798495082388 0.12067611694335938 0.2878514143300216
2 0.5654481124877929 0.4377302411935377 0.24410377502441405 0.24232744586494293
2 0.15890329360961913 0.31919289909651655 0.18337265014648438 0.11380985319481661
0 0.4241352081298828 0.4555896512649638 0.0471697998046875 0.09314899402100153
2 0.10158706665039062 0.3950077728067581 0.16868122100830077 0.12606631408555471
0 0.4034001541137695 0.4608424129358644 0.09886009216308594 0.12046338189683672
