0 0.6963443756103516 0.6764500935872396 0.08136796951293945 0.3969252268473307
0 0.3510220289230347 0.58979738023546 0.0404874324798584 0.17889590793185764
0 0.514347505569458 0.5681342230902777 0.03970127105712891 0.20265549553765191
0 0.23683176040649415 0.5765199449327257 0.07743710279464722 0.26554857889811195
0 0.14902713298797607 0.5838574727376302 0.04235455989837646 0.17400419447157117
0 0.43966197967529297 0.579315185546875 0.025550317764282227 0.12578616672092013
0 0.9347484588623047 0.5880503336588542 0.02515726089477539 0.13347307840983072
0 0.11694183349609374 0.5768693712022569 0.033018875122070315 0.17959471808539496
0 0.9921384811401367 0.5754717508951823 0.015723323822021483 0.10412296719021268
0 0.09566627740859986 0.56883299085829 0.028596705198287962 0.17470300462510852
0 0.2854756355285645 0.5842068990071615 0.026926112174987794 0.14255765279134114
0 0.4781839847564697 0.5807128058539497 0.024764156341552733 0.12578616672092013
26 0.7226808547973633 0.7124388800726996 0.04520440101623535 0.09573720296223959
0 0.327142333984375 0.5803633795844184 0.021816039085388185 0.1278825971815321
0 0.7767295837402344 0.5765199449327257 0.026729536056518555 0.11180996365017361
2 0.7395833969116211 0.5461216396755643 0.06092767715454102 0.10412296719021268
0 0.06901042461395264 0.5587002224392361 0.0261890709400177 0.13347307840983072
0 0.8341196060180665 0.5761705186631945 0.02830190658569336 0.12229211595323351
0 0.05393819212913513 0.5527603149414062 0.025280073285102844 0.14255765279134114
0 0.5418632507324219 0.581411616007487 0.020833349227905272 0.12159330579969618
0 0.20754718780517578 0.5831586625840929 0.030267298221588135 0.15164218478732638
0 0.4659984588623047 0.579315185546875 0.017688655853271486 0.11740044487847222
26 0.7220911979675293 0.7078965928819444 0.045597505569458005 0.10621944003634982
7 0.595911979675293 0.49650599161783854 0.16509437561035156 0.12229211595323351
0 0.5625 0.5842068990071615 0.02515721321105957 0.11740040249294705
