0 0.962657356262207 0.648148176405165 0.0715409278869629 0.3612858666314019
0 0.8351022720336914 0.654437510172526 0.07665090560913086 0.3235499487982856
0 0.03210986852645874 0.5775681813557942 0.05989583730697632 0.296995120578342
0 0.914701271057129 0.6519916110568577 0.058962249755859376 0.33682738410102
7 0.6110456466674805 0.5195667690700955 0.2079402446746826 0.16981133355034722
0 0.29314074516296384 0.5695318433973524 0.042649364471435545 0.261355717976888
0 0.24626574516296387 0.5733752780490451 0.026336479187011718 0.15303984747992622
0 0.19585299491882324 0.5695318433973524 0.028891515731811524 0.15653389824761285
0 0.3688089847564697 0.5775681389702692 0.02731919288635254 0.16142556932237412
0 0.3861045837402344 0.591544426812066 0.025353765487670897 0.13347307840983072
0 0.5742924690246582 0.577218755086263 0.033805036544799806 0.1327742682562934
0 0.2225825548171997 0.5786164177788629 0.025746870040893554 0.14535289340549046
0 0.3362814664840698 0.5810622321234808 0.028694963455200194 0.14605170355902777
0 0.5086478233337403 0.5842068990071615 0.023584938049316405 0.13137669033474392
0 0.4785770416259766 0.5768693712022569 0.022405672073364257 0.11809925503200955
7 0.5003931045532226 0.5559049818250869 0.12814464569091796 0.10971349080403646
0 0.08790291547775268 0.5370370652940538 0.022700470685958863 0.12089445326063368
0 0.4292452812194824 0.5611460791693793 0.019654130935668944 0.08944795396592882
2 0.746462345123291 0.5464710235595703 0.07154088020324707 0.1020265367296007
2 0.8292060852050781 0.5635919358995226 0.10731134414672852 0.08455624050564237
0 0.07021423578262329 0.5380852593315972 0.01916273236274719 0.10761706034342448
2 0.8005110740661621 0.5632425096299913 0.05149369239807129 0.07826694912380643
2 0.8413915634155273 0.5649895562065972 0.09080185890197753 0.07058003743489584
2 0.8003145217895508 0.5517121209038629 0.05031452178955078 0.05660374959309896
2 0.7572720527648926 0.5548567877875434 0.09394650459289551 0.11460516187879774
2 0.8671383857727051 0.5653389824761285 0.03930816650390625 0.06848360697428385
0 0.7012578964233398 0.5723270840115018 0.02594337463378906 0.10482181972927518
2 0.8529874801635742 0.5639413197835287 0.06603775024414063 0.06848356458875868
2 0.7393868446350098 0.5534591674804688 0.0566037654876709 0.08944791158040365
0 0.16931997537612914 0.5429769727918837 0.02102987766265869 0.08805033365885416
0 0.49705190658569337 0.5740741305881076 0.018474864959716796 0.1139063941107856
2 0.7397799015045166 0.5160727183024089 0.058962249755859376 0.048218027750651045
