0 0.8071934700012207 0.6495457967122396 0.06957550048828125 0.33752623664008247
7 0.6126179695129395 0.5132774353027344 0.20715408325195311 0.16701605055067276
0 0.9013364791870118 0.6436058892144098 0.06053457260131836 0.3522012922498915
0 0.2769261360168457 0.5674353705512153 0.0448113203048706 0.2627533382839627
0 0.9520441055297851 0.6457023620605469 0.07232704162597656 0.3745633019341363
0 0.5579795837402344 0.5737247043185764 0.03026728630065918 0.1355695088704427
0 0.19403499364852905 0.5656883239746093 0.030169034004211427 0.15723270840115017
0 0.38463053703308103 0.5838574727376302 0.025157237052917482 0.14465408325195311
0 0.24547958374023438 0.5705800374348958 0.024371075630187988 0.15303984747992622
2 0.7519654273986817 0.5359888288709852 0.08254714012145996 0.09364081488715278
0 0.3678262710571289 0.5740741305881076 0.02731919288635254 0.16282318962944878
0 0.22268083095550537 0.577218755086263 0.026336479187011718 0.1467505560980903
0 0.5119890213012696 0.5779175652398003 0.028695011138916017 0.1327742682562934
2 0.8549528121948242 0.5597484588623047 0.051100635528564455 0.07966461181640624
0 0.017056064307689668 0.5744235568576389 0.0334979385137558 0.29210344950358075
0 0.3258647918701172 0.5789658016628689 0.03026728630065918 0.14325646294487848
0 0.08942610621452332 0.5359888712565104 0.02279874086380005 0.11460516187879774
0 0.4341588020324707 0.5531097412109375 0.02004714012145996 0.09713490804036458
2 0.8280267715454102 0.5597484588623047 0.10495281219482422 0.07966461181640624
0 0.471894645690918 0.5709294637044271 0.01926102638244629 0.12299092610677083
0 0.07009139657020569 0.5366876390245225 0.02206171751022339 0.10482181972927518
0 0.3062107086181641 0.5674353705512153 0.02515721321105957 0.18029348585340713
0 0.4901729583740234 0.572676510281033 0.022798776626586914 0.12928021748860677
2 0.498427677154541 0.5552061716715495 0.11556601524353027 0.10691825018988715
7 0.498427677154541 0.5552061716715495 0.11556601524353027 0.10691825018988715
0 0.16946737766265868 0.5391335381401909 0.02132469415664673 0.08874914381239149
0 0.739976453781128 0.5674353705512153 0.019260978698730467 0.10062895880805121
0 0.48604564666748046 0.5698812696668837 0.01926102638244629 0.12648497687445748
2 0.528695011138916 0.5569532182481554 0.051886796951293945 0.1020265367296007
