0 0.22435142993927001 0.7236198425292969 0.12047957181930542 0.5331935882568359
0 0.07810043692588806 0.5660377502441406 0.08456171751022339 0.32285118103027344
0 0.3196737766265869 0.5880503336588542 0.03007075786590576 0.14185884263780382
0 0.9217767715454102 0.6418588426378038 0.06525154113769531 0.27882601420084635
0 0.36576261520385744 0.5719776577419705 0.03734276294708252 0.23689727783203124
0 0.9834905624389648 0.6317261166042751 0.0345911979675293 0.3032844543457031
0 0.14819183349609374 0.5740740882025824 0.049921393394470215 0.2760307312011719
0 0.3426690578460693 0.5838574727376302 0.023781466484069824 0.19636620415581596
0 0.4950864791870117 0.5803633795844184 0.028694963455200194 0.12928021748860677
7 0.6096698760986328 0.5206149631076389 0.2146226406097412 0.17051014370388454
0 0.665880537033081 0.5747728983561198 0.022012615203857423 0.13067783779568143
0 0.4076258182525635 0.5856045193142361 0.022798752784729003 0.12858140733506945
2 0.835298728942871 0.5635919358995226 0.10927667617797851 0.0831586201985677
0 0.9614780426025391 0.5978336758083768 0.03144645690917969 0.1558350880940755
0 0.5432390213012696 0.5744235144721137 0.023584938049316405 0.12019568549262152
2 0.7421383857727051 0.544025166829427 0.06367926597595215 0.09993010626898871
0 0.7389937400817871 0.5712788475884332 0.02122640609741211 0.10412300957573785
0 0.38826651573181153 0.587351565890842 0.01631290912628174 0.1278825971815321
7 0.4817216873168945 0.5520615471733941 0.09158806800842285 0.10202657911512587
26 0.903695011138916 0.606219482421875 0.02751579284667969 0.1167016347249349
0 0.5257469177246094 0.5726764678955079 0.020833349227905272 0.11390635172526041
0 0.3850235939025879 0.5863032870822482 0.01886794567108154 0.1383647918701172
26 0.9044811248779296 0.6051712459988065 0.027515697479248046 0.11460520426432291
