0 0.6619497299194336 0.6865828196207683 0.0904088020324707 0.3962264166937934
0 0.3465998649597168 0.5887491861979167 0.03675312995910644 0.18099233839246961
0 0.937106990814209 0.5880503336588542 0.026729583740234375 0.13487074110243055
0 0.5025550842285156 0.5684836069742839 0.039701223373413086 0.20754716661241318
2 0.7452830314636231 0.5482180701361762 0.06996855735778809 0.10971349080403646
0 0.43003149032592775 0.5761705186631945 0.03223271369934082 0.1376659393310547
7 0.6134041309356689 0.5255066765679254 0.2008647918701172 0.1802935282389323
0 0.3230149507522583 0.5883997599283854 0.01827831268310547 0.11740044487847222
0 0.7857705116271972 0.5789658016628689 0.02830185890197754 0.10691825018988715
0 0.4689465522766113 0.5814116583930121 0.03144655227661133 0.13137669033474392
0 0.29392690658569337 0.5866527133517795 0.03007075786590576 0.13766598171657987
17 0.2269064426422119 0.6121593899197049 0.06780660152435303 0.1970650143093533
0 0.13271424770355225 0.5831586625840929 0.02898977994918823 0.1767994350857205
0 0.8180031776428223 0.5754717508951823 0.019654083251953124 0.12089449564615885
0 0.2287735939025879 0.5216631995307075 0.055031442642211915 0.20195668538411457
0 0.11183176040649415 0.5733752780490451 0.02279874086380005 0.18378757900661893
26 0.6988994121551514 0.7218728807237413 0.026729583740234375 0.10761706034342448
0 0.09257076382637024 0.5761705186631945 0.029481136798858644 0.16981129116482205
0 0.14072327613830565 0.5828092787000868 0.04540095329284668 0.1774982452392578
0 0.5831368446350098 0.56883299085829 0.01926102638244629 0.11180992126464843
0 0.5467767715454102 0.5828092787000868 0.018867921829223634 0.12159326341417101
0 0.5292846202850342 0.579315185546875 0.019260978698730467 0.12438854641384549
0 0.22705388069152832 0.5635919358995226 0.05965015888214111 0.2886093987358941
0 0.8294025421142578 0.5782669915093316 0.0141510009765625 0.11390635172526041
0 0.30326261520385744 0.5838574727376302 0.023584914207458497 0.13487074110243055
0 0.07952535748481751 0.5621943155924479 0.019113600254058838 0.13766598171657987
0 0.0837755560874939 0.5747728983561198 0.024862420558929444 0.17120895385742188
