0 0.34257078170776367 0.5887491861979167 0.04048740863800049 0.18238995869954427
7 0.6114387035369873 0.5241090562608507 0.20794029235839845 0.17889586554633247
0 0.6012186050415039 0.6974143981933594 0.09237418174743653 0.42208247714572483
0 0.19295401573181153 0.564640129937066 0.05866745710372925 0.299091551038954
0 0.9414308547973633 0.591893810696072 0.02437105178833008 0.1355695088704427
0 0.4113600730895996 0.5789658016628689 0.02712266445159912 0.1334731207953559
0 0.4772012710571289 0.5684836069742839 0.03537735939025879 0.21174002753363716
0 0.30571937561035156 0.5870021396213108 0.027712273597717284 0.1411600324842665
0 0.1291273593902588 0.5698812272813585 0.037146222591400144 0.17120895385742188
0 0.08527418375015258 0.5765199449327257 0.04407430291175842 0.1830887688530816
2 0.7439072608947754 0.5387841118706598 0.06721696853637696 0.09084557427300347
0 0.4488993644714355 0.5779175652398003 0.0243710994720459 0.13976241217719185
0 0.5227987766265869 0.5838574727376302 0.02515726089477539 0.12229207356770834
26 0.6426887512207031 0.7246681213378906 0.04009432792663574 0.11460520426432291
0 0.7906840324401856 0.5733752780490451 0.030267333984375 0.12089449564615885
0 0.2532429456710815 0.5932914733886718 0.03360848426818848 0.1383647918701172
0 0.27731919288635254 0.5842068990071615 0.026336479187011718 0.15653389824761285
0 0.045499217510223386 0.5691824171278211 0.033805036544799806 0.17819705539279515
0 0.2220911979675293 0.5789658016628689 0.025157237052917482 0.14605170355902777
0 0.5017688751220704 0.5800139957004123 0.021619462966918947 0.12578616672092013
0 0.8160377502441406 0.5789658016628689 0.022012615203857423 0.11250873141818576
2 0.5288915634155273 0.5398323059082031 0.07822327613830567 0.07197765774197049
0 0.2425314426422119 0.572676510281033 0.02201259136199951 0.14884698655870227
7 0.743710708618164 0.5391335381401909 0.06761002540588379 0.09294200473361545
0 0.2605149507522583 0.587351565890842 0.02613992691040039 0.1502446068657769
0 0.28930819034576416 0.5870021396213108 0.016509437561035158 0.1439552730984158
0 0.37283806800842284 0.5538085513644748 0.022405672073364257 0.09014672173394098
2 0.49941043853759765 0.5527603149414062 0.13561320304870605 0.09783371819390191
2 0.8382469177246094 0.5621943155924479 0.09866352081298828 0.08176099989149306
0 0.39259042739868166 0.5485674540201823 0.01827831268310547 0.07407408820258246
0 0.16873035430908204 0.5810622321234808 0.0224056601524353 0.18937806023491754
