0 0.17551101446151735 0.7225716484917535 0.12382075786590577 0.539482922024197
0 0.9099843025207519 0.6415095011393229 0.06839618682861329 0.2865129682752821
0 0.9756290435791015 0.6373165978325738 0.0487421989440918 0.30607969495985243
0 0.35465803146362307 0.5691824171278211 0.04854559898376465 0.24248775906032985
0 0.3173152685165405 0.5845562828911676 0.029284572601318358 0.14185884263780382
0 0.2451847553253174 0.5775681389702692 0.0261399507522583 0.1474493662516276
7 0.6100629329681396 0.5195667690700955 0.2154088020324707 0.16841371324327256
0 0.051960498094558716 0.5625437418619792 0.04810338020324707 0.32424880133734807
0 0.6509434223175049 0.577218755086263 0.033018875122070315 0.12997902764214408
2 0.8341195106506347 0.5635919358995226 0.10534586906433105 0.0831586201985677
0 0.49705190658569337 0.5803634219699436 0.026336479187011718 0.1306778801812066
0 0.2670990705490112 0.5695318433973524 0.022798728942871094 0.11460516187879774
0 0.5347877502441406 0.5737247043185764 0.024764156341552733 0.12299092610677083
0 0.7957940578460694 0.5733752780490451 0.018474864959716796 0.0915443844265408
0 0.22376179695129395 0.5775681813557942 0.025746846199035646 0.14185884263780382
2 0.7405660629272461 0.5426275465223525 0.05974841117858887 0.09573724534776476
0 0.4290487289428711 0.5632425096299913 0.01690249443054199 0.07966456943088107
0 0.0983687162399292 0.5649895562065972 0.04166667461395264 0.14185884263780382
0 0.775550365447998 0.5733752780490451 0.02437105178833008 0.09294200473361545
0 0.3952437400817871 0.5870021396213108 0.02397797107696533 0.13137664794921874
0 0.7354559898376465 0.5709294637044271 0.02044024467468262 0.10202657911512587
0 0.1285868763923645 0.5702306535508898 0.038620281219482425 0.2767295837402344
0 0.09156348705291747 0.5639413621690538 0.02972680926322937 0.14255765279134114
0 0.1332547187805176 0.5066387600368923 0.02967766523361206 0.15373865763346353
0 0.13305819034576416 0.5356394449869791 0.03066037893295288 0.21313764784071182
0 0.3897406101226807 0.5883997599283854 0.03419811725616455 0.13417188856336806
26 0.8844340324401856 0.6373165978325738 0.015723228454589844 0.06289308336046007
0 0.22140331268310548 0.5628931257459853 0.022602200508117676 0.10971349080403646
7 0.47287740707397463 0.5524109310574001 0.07468552589416504 0.10412300957573785
