7 0.6128145217895508 0.5234102037217881 0.20518870353698732 0.1774982452392578
0 0.49194183349609377 0.7085954454210069 0.0970911979675293 0.44723972744411894
0 0.3352987766265869 0.5880503336588542 0.04245283603668213 0.18378757900661893
0 0.43356924057006835 0.5670859866672092 0.033805036544799806 0.2201258341471354
0 0.3873821020126343 0.579315185546875 0.027122640609741212 0.13696717156304253
0 0.9485063552856445 0.5929420471191407 0.032232666015625 0.14325646294487848
0 0.14991157054901122 0.5635919358995226 0.062205183506011966 0.3067785051133898
0 0.09414308667182922 0.5831586625840929 0.03812893629074097 0.19916144476996528
0 0.24498820304870605 0.5768693712022569 0.02417452335357666 0.1474493662516276
26 0.528105354309082 0.7473794725206163 0.0404874324798584 0.11390635172526041
0 0.22199294567108155 0.5800140380859375 0.023781442642211915 0.1411600324842665
0 0.20464820861816407 0.5761705186631945 0.023093557357788085 0.141858885023329
0 0.5825471878051758 0.5737247043185764 0.02515721321105957 0.11600282457139757
26 0.5269261360168457 0.7473794725206163 0.04205975532531738 0.11390635172526041
0 0.749606990814209 0.5782669915093316 0.0243710994720459 0.11390635172526041
0 0.8647799491882324 0.5775681389702692 0.026729583740234375 0.1139063941107856
2 0.7863601207733154 0.5611460791693793 0.026336479187011718 0.04192869398328993
0 0.7670990943908691 0.5691824171278211 0.019260978698730467 0.09713490804036458
0 0.5560141563415527 0.5670859866672092 0.020833349227905272 0.10971349080403646
2 0.5284984588623047 0.5475192599826388 0.04756288528442383 0.07477289835611979
2 0.727201271057129 0.5524109310574001 0.03223271369934082 0.08176099989149306
0 0.3686124324798584 0.5538085513644748 0.015919804573059082 0.09014672173394098
0 0.2669025421142578 0.5691824171278211 0.02240564823150635 0.11250873141818576
0 0.8290094375610352 0.5786163753933377 0.02122640609741211 0.11600282457139757
2 0.8113207817077637 0.5510132683648004 0.06761012077331544 0.062194273206922744
2 0.7952044486999512 0.5527603149414062 0.04009437561035156 0.058700180053710936
0 0.8919025421142578 0.572676510281033 0.014937114715576173 0.0635918935139974
2 0.7460692405700684 0.5464710235595703 0.07232704162597656 0.10482177734375
