0 0.40968947410583495 0.7085954454210069 0.10357704162597656 0.4612159305148654
7 0.6112421989440918 0.5234102037217881 0.20990567207336425 0.1774982452392578
0 0.974056625366211 0.6289308336046007 0.0487421989440918 0.25995805528428817
0 0.3403105497360229 0.5877009497748481 0.04225630760192871 0.1802935282389323
0 0.1457350730895996 0.5632425096299913 0.05758647918701172 0.3102725558810764
0 0.24528303146362304 0.5758211347791884 0.02515721321105957 0.14814817640516492
0 0.9465409278869629 0.5943396674262152 0.026729583740234375 0.1474493662516276
0 0.7226808547973633 0.5765199449327257 0.03341197967529297 0.12438854641384549
2 0.8280267715454102 0.5625437418619792 0.10338053703308106 0.08245981004503038
0 0.030340999364852905 0.5883997599283854 0.056456375122070315 0.19566735161675347
0 0.22268080711364746 0.5821104261610243 0.025943398475646973 0.13976241217719185
2 0.4921383857727051 0.5527603149414062 0.10298743247985839 0.09783371819390191
0 0.47779092788696287 0.5810622321234808 0.020833349227905272 0.11809921264648438
26 0.44202046394348143 0.7540182325575087 0.035770416259765625 0.12019568549262152
0 0.5703616619110108 0.5737247043185764 0.023584938049316405 0.11600282457139757
0 0.8919025421142578 0.5814116583930121 0.02122640609741211 0.11041230095757379
0 0.2026336669921875 0.5758211347791884 0.023977994918823242 0.13696712917751735
0 0.49430036544799805 0.5817610422770182 0.020833349227905272 0.11809921264648438
2 0.7517688751220704 0.5405311584472656 0.08294024467468261 0.09573724534776476
0 0.31348271369934083 0.5842068990071615 0.026729559898376463 0.15234099494086373
0 0.8294025421142578 0.5849056667751736 0.018867874145507814 0.10621944003634982
7 0.4921383857727051 0.5527603149414062 0.10455975532531739 0.09643609788682726
0 0.5454010009765625 0.5712788475884332 0.023977994918823242 0.10971349080403646
0 0.8125 0.5677847968207466 0.016509437561035158 0.08874910142686632
0 0.2670990705490112 0.5695318433973524 0.024764156341552733 0.1160027821858724
2 0.8463050842285156 0.5632425096299913 0.06682395935058594 0.08106218973795573
0 0.09215311408042907 0.5398323059082031 0.021668636798858644 0.10412300957573785
0 0.07588934898376465 0.5422781626383464 0.018917065858840943 0.09503843519422743
0 0.9300314903259277 0.5737247043185764 0.0141510009765625 0.06708594428168403
2 0.49115567207336425 0.533542972140842 0.10180816650390626 0.062194273206922744
0 0.18214426040649415 0.5737247043185764 0.023683178424835204 0.13696717156304253
