7 0.6153695106506347 0.5223620096842448 0.21658806800842284 0.17400419447157117
0 0.7777122974395752 0.6747030470106337 0.0829401969909668 0.3654786851671007
0 0.3566234588623047 0.5908455742730034 0.0363600492477417 0.17819709777832032
0 0.2928459167480469 0.5639413197835287 0.05660378932952881 0.27393434312608506
0 0.5481525421142578 0.56883299085829 0.04127359390258789 0.1998602549235026
0 0.9253145217895508 0.583508046468099 0.02515716552734375 0.12997907002766926
0 0.2104952812194824 0.5859539031982421 0.03891508579254151 0.16561847262912327
0 0.46973276138305664 0.5775681389702692 0.0243710994720459 0.12928021748860677
0 0.17521620988845826 0.5782669915093316 0.0345911979675293 0.17679947747124566
0 0.5011792659759522 0.5814116583930121 0.027515697479248046 0.12019564310709635
0 0.39337658882141113 0.5845562828911676 0.04029090404510498 0.12928025987413194
0 0.24420204162597656 0.5782669915093316 0.030856919288635255 0.15303984747992622
26 0.8183962821960449 0.7092942131890191 0.033018875122070315 0.09084553188747829
2 0.4868317604064941 0.543675782945421 0.10259432792663574 0.08525509304470485
0 0.3276336669921875 0.5779175652398003 0.025550317764282227 0.17330538431803386
2 0.8113207817077637 0.5782669915093316 0.04559745788574219 0.10971349080403646
0 0.06128391027450562 0.5681342230902777 0.03348565697669983 0.18308872646755642
7 0.4864387035369873 0.5464710235595703 0.10259437561035156 0.09084557427300347
0 0.5764544486999512 0.5761705186631945 0.020833349227905272 0.12229211595323351
0 0.7334906101226807 0.5807128058539497 0.029874229431152345 0.11740040249294705
0 0.5998427867889404 0.5821104261610243 0.02830190658569336 0.12019564310709635
0 0.3837460994720459 0.5821104261610243 0.023781466484069824 0.12997907002766926
2 0.838443374633789 0.5527603149414062 0.027515697479248046 0.05450731913248698
2 0.7358490943908691 0.5202655792236328 0.051886796951293945 0.053808508978949655
0 0.966588020324707 0.5744235144721137 0.01808176040649414 0.09783367580837674
0 0.1592472553253174 0.572676510281033 0.02407625913619995 0.1502446068657769
