7 0.6106525421142578 0.5244584401448568 0.20951261520385742 0.17959467569986978
0 0.4536163806915283 0.7033543056911893 0.10534591674804687 0.456324217054579
0 0.33441433906555174 0.5894479539659289 0.04540092945098877 0.18238995869954427
0 0.9496856689453125 0.5929420471191407 0.03144655227661133 0.1474493662516276
0 0.9823114395141601 0.635569593641493 0.03537740707397461 0.24248780144585502
0 0.14381879568099976 0.564640129937066 0.05139544010162354 0.30747731526692706
0 0.0659640371799469 0.5842068990071615 0.05065841674804687 0.20125787523057725
0 0.24538130760192872 0.5768693712022569 0.025353765487670897 0.1474493662516276
0 0.41352205276489257 0.5695318433973524 0.036949682235717776 0.22361988491482204
0 0.3829599380493164 0.5796646118164063 0.028891491889953613 0.1390636020236545
0 0.7376179695129395 0.577218755086263 0.021619510650634766 0.11879806518554688
2 0.5108098030090332 0.5566037919786241 0.07586474418640136 0.10272538926866319
0 0.8789308547973633 0.5887491861979167 0.033018875122070315 0.09573724534776476
0 0.3083726644515991 0.5863032870822482 0.03026728630065918 0.1495457543267144
0 0.5758647918701172 0.572676510281033 0.0243710994720459 0.11949687533908421
0 0.22346699237823486 0.579315185546875 0.025550317764282227 0.14255765279134114
0 0.764937162399292 0.5681342230902777 0.02122640609741211 0.09783371819390191
0 0.5528695106506347 0.5670859866672092 0.025550317764282227 0.11390635172526041
2 0.8225235939025879 0.5611460791693793 0.08608489036560059 0.0810622321234809
2 0.7832154273986817 0.5621943155924479 0.029481172561645508 0.04262754652235243
26 0.4931210994720459 0.7466807047526042 0.029481124877929688 0.11250873141818576
0 0.2665094375610352 0.56883299085829 0.02319180965423584 0.11740040249294705
0 0.1965900182723999 0.5737247043185764 0.032920587062835696 0.1355695088704427
7 0.5106132507324219 0.5566037919786241 0.07625784873962402 0.10272538926866319
0 0.20715410709381105 0.5779175652398003 0.02358490228652954 0.13976241217719185
0 0.19172563552856445 0.5726764678955079 0.023781442642211915 0.1390636020236545
2 0.7391902923583984 0.5213138156467014 0.05621070861816406 0.058700180053710936
