0 0.8085692405700684 0.6792453342013889 0.07625789642333984 0.35499657524956596
0 0.3094536304473877 0.5642907036675348 0.05758647918701172 0.2746331532796224
7 0.6128145217895508 0.518518575032552 0.20676102638244628 0.16771490308973525
0 0.5640723705291748 0.5677847968207466 0.033018875122070315 0.19496858384874133
0 0.22454795837402344 0.5838574727376302 0.03714621067047119 0.16981133355034722
0 0.35819578170776367 0.58979738023546 0.03911163806915283 0.17610066731770832
0 0.15059945583343506 0.5716282314724392 0.04215801954269409 0.16491966247558593
2 0.7484277248382568 0.5506639268663195 0.0786163330078125 0.11460516187879774
0 0.4803459167480469 0.577218755086263 0.02122645378112793 0.12438854641384549
0 0.9213836669921875 0.5821104261610243 0.03144655227661133 0.12718382941351997
0 0.1921187162399292 0.5863032870822482 0.03439464569091797 0.16631728278266059
0 0.25098271369934083 0.5765199449327257 0.024764156341552733 0.1523410373263889
26 0.8435535430908203 0.6984626770019531 0.03773584365844727 0.10412296719021268
7 0.4939072608947754 0.560447269015842 0.11753149032592773 0.12019568549262152
0 0.7224843025207519 0.5814116583930121 0.03773584365844727 0.11740040249294705
0 0.5104166984558105 0.5775681389702692 0.030267333984375 0.1278825971815321
0 0.04860701858997345 0.5684836069742839 0.032011598348617554 0.17819705539279515
0 0.39819183349609377 0.5786163753933377 0.02122640609741211 0.1271837870279948
0 0.4139151096343994 0.5824598524305555 0.02830188274383545 0.12648501925998265
2 0.49430036544799805 0.5573026021321614 0.11831765174865723 0.11390635172526041
0 0.8934748649597168 0.5765199449327257 0.02594337463378906 0.11879806518554688
0 0.46462268829345704 0.5775681389702692 0.01808176040649414 0.11809925503200955
0 0.6090802192687989 0.5796646118164063 0.021619510650634766 0.12508735656738282
0 0.9540094375610352 0.575122324625651 0.02437105178833008 0.0992312961154514
0 0.5878538131713867 0.5761705186631945 0.020833349227905272 0.11809925503200955
0 0.27240567207336425 0.5709294637044271 0.02004718780517578 0.11180992126464843
0 0.6399371147155761 0.5723270840115018 0.023584890365600585 0.1020265367296007
2 0.838050365447998 0.5593990749782987 0.040880584716796876 0.07057999504937065
0 0.40212268829345704 0.5789657592773437 0.019654107093811036 0.12648497687445748
0 0.1763954520225525 0.5373864915635851 0.02220911979675293 0.10901468065049913
7 0.49095916748046875 0.543675782945421 0.11084904670715331 0.08665271335177951
7 0.749017333984375 0.5510133107503256 0.07822327613830567 0.11390635172526041
