0 0.3276336669921875 0.7145353529188369 0.10023584365844726 0.5108315785725911
7 0.6106525421142578 0.522711435953776 0.21344337463378907 0.17610062493218315
0 0.9473270416259766 0.635569593641493 0.06132078170776367 0.2634521908230252
0 0.12843947410583495 0.5674353705512153 0.06800315380096436 0.3074772728814019
0 0.3867924690246582 0.5684836069742839 0.033018875122070315 0.229909176296658
0 0.24469342231750488 0.5754717508951823 0.025550293922424316 0.14884698655870227
2 0.8358883857727051 0.5635919358995226 0.10809745788574218 0.0831586201985677
0 0.4915487289428711 0.5786163753933377 0.031839609146118164 0.12997902764214408
0 0.6965409278869629 0.5775681389702692 0.026729583740234375 0.12648497687445748
0 0.2235652446746826 0.5810622321234808 0.02496068477630615 0.14046122233072916
0 0.5558176517486573 0.573025894165039 0.026729583740234375 0.12019568549262152
0 0.4864387035369873 0.5786163753933377 0.022405624389648438 0.12858140733506945
2 0.7470519065856933 0.544025166829427 0.07350630760192871 0.09993010626898871
0 0.9048742294311524 0.583508046468099 0.023584842681884766 0.10621944003634982
0 0.42865567207336425 0.5849057091606988 0.027908802032470703 0.1271837870279948
0 0.5369497299194336 0.5719776577419705 0.018867921829223634 0.10971349080403646
7 0.4862421989440918 0.5538085513644748 0.09984278678894043 0.10412300957573785
0 0.20386204719543458 0.5758211347791884 0.021128141880035402 0.13836474948459201
0 0.40998430252075196 0.5775681389702692 0.019654083251953124 0.13347307840983072
2 0.48604564666748046 0.5527603149414062 0.09944968223571778 0.10202657911512587
0 0.07252358794212341 0.5433263990614149 0.020931601524353027 0.0943396250406901
0 0.1822425365447998 0.5702306535508898 0.0244693398475647 0.15653389824761285
0 0.0892786979675293 0.5391334957546658 0.02309355139732361 0.10691825018988715
0 0.15939465761184693 0.5691824171278211 0.039897799491882324 0.27183787027994794
0 0.2658215522766113 0.5670859866672092 0.023781442642211915 0.11809921264648438
0 0.7429245948791504 0.5681342230902777 0.02122645378112793 0.10342419942220052
0 0.4194182395935059 0.5828092787000868 0.029874181747436522 0.12997907002766926
2 0.852201271057129 0.5639413621690538 0.07547168731689453 0.08106218973795573
