7 0.6145833492279053 0.5234102037217881 0.2008647918701172 0.1774982452392578
0 0.5316431045532226 0.7012579176161025 0.09080190658569336 0.4395528157552083
0 0.33549530506134034 0.58979738023546 0.04205975532531738 0.1830887688530816
0 0.44614782333374026 0.5677847968207466 0.04009437561035156 0.21872821384006078
0 0.9481132507324219 0.6002795749240452 0.029874229431152345 0.12438854641384549
0 0.16091785430908204 0.5653389824761285 0.05041273832321167 0.30328441196017797
0 0.1202093243598938 0.5863033294677734 0.05399961471557617 0.19147449069552952
0 0.39376966953277587 0.5803634219699436 0.0371462345123291 0.13487074110243055
0 0.8541667938232422 0.5779175652398003 0.027515697479248046 0.1132075415717231
0 0.22248430252075196 0.5796646118164063 0.022798752784729003 0.14185884263780382
0 0.20459907054901122 0.5765199449327257 0.024764156341552733 0.1411600324842665
0 0.2451847553253174 0.5775681389702692 0.025746846199035646 0.1446541256374783
26 0.5644654273986817 0.7295598347981771 0.04323897361755371 0.12438854641384549
0 0.2907822608947754 0.5922432369656033 0.027319169044494628 0.1390636020236545
0 0.5894261360168457 0.5723270840115018 0.023977994918823242 0.1132075415717231
2 0.8073900222778321 0.5618448893229167 0.055031442642211915 0.08106218973795573
0 0.30768475532531736 0.5817609998914931 0.020636796951293945 0.15723270840115017
0 0.10215213298797607 0.5520615471733941 0.023683178424835204 0.13976241217719185
0 0.47346696853637693 0.5807128058539497 0.027122640609741212 0.13137669033474392
0 0.2950078725814819 0.5838574727376302 0.033805036544799806 0.15303980509440104
2 0.8753931045532226 0.5758211347791884 0.022798728942871094 0.0531097412109375
0 0.7665094375610352 0.5744235144721137 0.033805036544799806 0.11740044487847222
2 0.7332941055297851 0.5548567877875434 0.04520440101623535 0.08805029127332899
0 0.03215286135673523 0.5716282314724392 0.03219585418701172 0.17610062493218315
0 0.4247248649597168 0.5807128058539497 0.020833301544189452 0.13556955125596787
0 0.3715605497360229 0.5534591674804688 0.021422958374023436 0.08944791158040365
0 0.9756290435791015 0.5796646118164063 0.014150905609130859 0.058001412285698786
2 0.7376179695129395 0.5454227871365017 0.053852176666259764 0.09014676411946615
