0 0.6306997299194336 0.6879804823133681 0.08922958374023438 0.40600980122884117
0 0.3438482999801636 0.58979738023546 0.038718557357788085 0.17889590793185764
0 0.20833334922790528 0.5642907460530598 0.06407233476638793 0.2941998799641927
7 0.6116352558135987 0.5244584401448568 0.20597486495971679 0.17819705539279515
0 0.4884040832519531 0.5702306111653646 0.03577046394348145 0.21104121738009982
0 0.9382862091064453 0.5887491438123915 0.02751579284667969 0.1362683614095052
0 0.4207940101623535 0.5796646118164063 0.031839609146118164 0.13207550048828126
0 0.3063089847564697 0.5866527133517795 0.039897799491882324 0.13766598171657987
0 0.4589229583740234 0.5789658016628689 0.03026728630065918 0.13766598171657987
2 0.7486242294311524 0.5419287787543403 0.07665095329284669 0.0971348656548394
0 0.10455975532531739 0.581411616007487 0.035573893785476686 0.19007687038845486
26 0.6700078964233398 0.7120895385742188 0.038915061950683595 0.10062891642252604
0 0.06613600850105286 0.5709294637044271 0.04962657392024994 0.17889586554633247
0 0.2680817604064941 0.5883997599283854 0.027515721321105958 0.1467505560980903
0 0.12657233476638793 0.5674353705512153 0.025943398475646973 0.17051014370388454
2 0.5369497299194336 0.5387841118706598 0.0683962345123291 0.06848360697428385
0 0.9127359390258789 0.5705800374348958 0.026729488372802736 0.10272538926866319
0 0.533411979675293 0.5828092787000868 0.02437105178833008 0.12019564310709635
0 0.37283806800842284 0.5541579352484809 0.02319183349609375 0.08944791158040365
0 0.5125786781311035 0.5782669915093316 0.02515721321105957 0.1278825971815321
2 0.7266117095947265 0.5552061716715495 0.034984254837036134 0.08176099989149306
0 0.8050314903259277 0.5765199449327257 0.03144650459289551 0.11320758395724827
