0 0.8439466476440429 0.6477987501356337 0.06682386398315429 0.3130677541097005
0 0.9292453765869141 0.6450035095214843 0.06761007308959961 0.33403214348687066
0 0.30434355735778806 0.5723270840115018 0.05129716396331787 0.2557651943630642
7 0.6104559898376465 0.5202655792236328 0.20833334922790528 0.17120895385742188
0 0.9752359390258789 0.6505940331353082 0.049528312683105466 0.3466107686360677
0 0.2448899507522583 0.5733752780490451 0.026336479187011718 0.15303984747992622
0 0.19654089212417603 0.5702306535508898 0.03026731014251709 0.15653389824761285
0 0.22150158882141113 0.579315185546875 0.02319183349609375 0.1439552730984158
0 0.04934404790401459 0.5716282314724392 0.056874018907546994 0.2962963104248047
0 0.36920206546783446 0.577218755086263 0.026533031463623048 0.15932913886176214
0 0.3867924690246582 0.5911950005425347 0.025943398475646973 0.13417188856336806
0 0.5886399745941162 0.5754717508951823 0.02319183349609375 0.1320754581027561
7 0.5080582141876221 0.55835083855523 0.14504718780517578 0.11320758395724827
0 0.5043239116668701 0.5807128058539497 0.029874229431152345 0.13417193094889324
2 0.8069969177246094 0.5618448893229167 0.05896229743957519 0.07966456943088107
0 0.26572327613830565 0.5691824171278211 0.02240564823150635 0.11530397203233507
0 0.7057783126831054 0.5709294637044271 0.02004714012145996 0.10621944003634982
0 0.4261006355285645 0.5587002224392361 0.016509437561035158 0.0915443844265408
2 0.7513758659362793 0.5464710235595703 0.08136792182922363 0.10062891642252604
0 0.4856525421142578 0.5649895562065972 0.020833301544189452 0.09573724534776476
0 0.34650158882141113 0.5810622321234808 0.027122640609741212 0.15024456448025172
2 0.5074686050415039 0.5555555555555556 0.14308180809020996 0.11041230095757379
0 0.08583923578262329 0.535290018717448 0.019850629568099975 0.12299092610677083
26 0.8250786781311035 0.6093641069200304 0.030660438537597656 0.12578616672092013
26 0.8246855735778809 0.614605204264323 0.029874229431152345 0.11809921264648438
2 0.7466588497161866 0.560447269015842 0.07036161422729492 0.10062891642252604
0 0.169369113445282 0.543675782945421 0.02191431522369385 0.08805033365885416
2 0.7419418334960938 0.5510133107503256 0.06171383857727051 0.0803633795844184
