7 0.6100629329681396 0.5209643893771702 0.21226415634155274 0.17120895385742188
0 0.2763364791870117 0.7264151679144966 0.11556603908538818 0.5303983052571615
0 0.37382078170776367 0.5674353705512153 0.03930819034576416 0.23759608798556858
0 0.34443790912628175 0.5880503336588542 0.03675312995910644 0.18518519931369357
0 0.9382862091064453 0.6362683614095052 0.06839618682861329 0.2746331108940972
0 0.6776729583740234 0.5758211347791884 0.033805036544799806 0.12858140733506945
0 0.15276141166687013 0.5737247043185764 0.05886399745941162 0.2795247819688585
0 0.49292454719543455 0.5807128058539497 0.033018875122070315 0.1271837870279948
2 0.8409984588623047 0.5639413621690538 0.09787731170654297 0.08245981004503038
0 0.11089819669723511 0.5649895562065972 0.04785770773887634 0.3165618896484375
0 0.5495283126831054 0.5723270840115018 0.022798776626586914 0.12299092610677083
7 0.4834905624389648 0.5524109310574001 0.09591193199157715 0.10132776896158854
0 0.5332154273986817 0.572676510281033 0.02004718780517578 0.11809925503200955
0 0.41863212585449217 0.5845562828911676 0.023584890365600585 0.12788263956705728
2 0.7441038131713867 0.5492663065592448 0.06682386398315429 0.10901468065049913
0 0.7415488243103028 0.56883299085829 0.022405672073364257 0.10202657911512587
0 0.4848663806915283 0.581411616007487 0.019260978698730467 0.1271837870279948
0 0.3975039482116699 0.5852550930447049 0.0202437162399292 0.12368973626030816
2 0.9870283126831054 0.5744235144721137 0.025943470001220704 0.08944795396592882
0 0.20622053146362304 0.5747728983561198 0.02387971878051758 0.14325650533040366
0 0.18371660709381105 0.5709294637044271 0.02820361852645874 0.1579315185546875
0 0.31741354465484617 0.564640129937066 0.023977994918823242 0.10202657911512587
0 0.22533411979675294 0.5800140380859375 0.02417452335357666 0.1383647918701172
2 0.4850629329681396 0.5524109310574001 0.09905662536621093 0.10132776896158854
0 0.07038620710372925 0.544025166829427 0.01842570900917053 0.09294200473361545
0 0.22140331268310548 0.5786164177788629 0.020636796951293945 0.1383647918701172
