0 0.7158019065856933 0.6827393849690755 0.0801887035369873 0.37596087985568577
0 0.35701651573181153 0.5890985700819228 0.037539315223693845 0.17889590793185764
0 0.13394261598587037 0.5796646118164063 0.05011792182922363 0.16841371324327256
0 0.17020441293716432 0.5803634219699436 0.03341195583343506 0.17540181477864583
0 0.26542847156524657 0.5653389824761285 0.06151728630065918 0.2865129682752821
0 0.9319969177246094 0.5838574727376302 0.02594337463378906 0.13487074110243055
0 0.08382469415664673 0.5656883663601345 0.04441824555397034 0.18099229600694444
0 0.4850628852844238 0.5807128058539497 0.026729536056518555 0.1271837870279948
0 0.530267333984375 0.5698812272813585 0.0345911979675293 0.19916144476996528
7 0.6047563552856445 0.5073375278049045 0.2000786304473877 0.1439552730984158
0 0.4490959167480469 0.5789657592773437 0.02319183349609375 0.12368973626030816
0 0.1960495352745056 0.5824598524305555 0.03007075786590576 0.15443746778700088
0 0.7655267715454102 0.5775681813557942 0.030267333984375 0.1083158704969618
0 0.05950275659561157 0.55835083855523 0.027024370431900025 0.1355695088704427
26 0.745872688293457 0.7085954454210069 0.038915061950683595 0.08944791158040365
0 0.8498428344726563 0.5733752780490451 0.02830190658569336 0.12368973626030816
0 0.21924138069152832 0.5831586625840929 0.021816039085388185 0.14465408325195311
0 0.5725235939025879 0.5824598524305555 0.021619462966918947 0.12089445326063368
0 0.4669811248779297 0.5779175652398003 0.01729559898376465 0.12019568549262152
0 0.324980354309082 0.5635919358995226 0.0202437162399292 0.09014676411946615
7 0.5961085319519043 0.48916846381293405 0.17885222434997558 0.10901468065049913
0 0.8981918334960938 0.5796646118164063 0.02908811569213867 0.08176099989149306
26 0.7454795837402344 0.6778477138943142 0.03891510963439941 0.15094337463378907
25 0.7386006355285645 0.5171209547254775 0.05345911979675293 0.047519217597113715
2 0.7981525421142578 0.5600978427463108 0.04520435333251953 0.07617047627766928
