0 0.7456761360168457 0.6806429545084636 0.08647799491882324 0.3689727783203125
0 0.35790095329284666 0.5908455742730034 0.03616352081298828 0.17679947747124566
7 0.6134041309356689 0.518518575032552 0.21422958374023438 0.16631728278266059
0 0.5412735939025879 0.5677847968207466 0.03537735939025879 0.20195668538411457
0 0.0744398593902588 0.564640129937066 0.04058569073677063 0.18169114854600693
0 0.9304244995117188 0.579315185546875 0.027515697479248046 0.1439552730984158
0 0.1887775182723999 0.5821104261610243 0.03282232284545898 0.17610062493218315
0 0.15580779314041138 0.5740741305881076 0.0333136796951294 0.17679947747124566
0 0.4935141563415527 0.5800139957004123 0.03026728630065918 0.12578616672092013
0 0.8600629806518555 0.5744235144721137 0.03144655227661133 0.12019568549262152
0 0.2692610263824463 0.5670859866672092 0.04088051319122314 0.2746331108940972
0 0.2779088020324707 0.5628930833604601 0.0573899507522583 0.27882601420084635
26 0.781839656829834 0.7085954454210069 0.03144655227661133 0.09923133850097657
0 0.5833333969116211 0.5842068990071615 0.018867921829223634 0.12159326341417101
26 0.7816431045532226 0.7068483988444011 0.03262581825256348 0.10132772657606337
0 0.22268083095550537 0.5800139957004123 0.0345911979675293 0.15094341701931424
0 0.471894645690918 0.577218755086263 0.020833349227905272 0.12578616672092013
0 0.5660377502441406 0.5775681389702692 0.019654083251953124 0.12508735656738282
0 0.4587264060974121 0.579315185546875 0.023584890365600585 0.12159330579969618
0 0.3745086669921875 0.5782669915093316 0.02220911979675293 0.13487074110243055
0 0.9744497299194336 0.5719776577419705 0.022798728942871094 0.09993010626898871
0 0.04558520317077637 0.5573026021321614 0.025771427154541015 0.1390636020236545
7 0.4813286304473877 0.541579352484809 0.09080190658569336 0.08245981004503038
0 0.4654088020324707 0.5786163753933377 0.03144650459289551 0.12438854641384549
0 0.453419828414917 0.5779175652398003 0.027908802032470703 0.12578616672092013
2 0.7796776771545411 0.5590496487087674 0.03891510963439941 0.039133453369140626
24 0.781839656829834 0.7085954454210069 0.033018875122070315 0.09923133850097657
0 0.30699687004089354 0.5737247043185764 0.033018875122070315 0.211041259765625
0 0.8305818557739257 0.5803634219699436 0.01808176040649414 0.11250873141818576
2 0.4805424690246582 0.5398323059082031 0.08922958374023438 0.07896575927734376
0 0.2504913806915283 0.575122324625651 0.019457554817199706 0.15094341701931424
0 0.8915094375610352 0.5719776577419705 0.020440196990966795 0.09573724534776476
0 0.0326380729675293 0.5038435194227431 0.017074491083621978 0.057302559746636283
0 0.32625789642333985 0.5611460791693793 0.01611635684967041 0.09503843519422743
0 0.2881289482116699 0.564640129937066 0.051886796951293945 0.26694619920518664
