0 0.1088099479675293 0.7267645094129774 0.13595716953277587 0.5366876814100477
0 0.8915094375610352 0.6415095011393229 0.06603765487670898 0.29769393073187933
0 0.9701258659362793 0.6373165978325738 0.05660381317138672 0.30607969495985243
0 0.34492926597595214 0.5695318433973524 0.047955989837646484 0.24458418952094185
7 0.6100628852844239 0.5188679589165581 0.21305031776428224 0.16701609293619793
2 0.8262578964233398 0.5628931257459853 0.09433956146240234 0.08176099989149306
0 0.3145637035369873 0.5845562828911676 0.023781442642211915 0.14325646294487848
0 0.24459514617919922 0.5761705186631945 0.0261399507522583 0.14884698655870227
0 0.03347337245941162 0.5670860290527344 0.06316332817077637 0.3333333757188585
0 0.5290880680084229 0.5758211347791884 0.02437105178833008 0.12159330579969618
0 0.6332547187805175 0.5747728983561198 0.02908806800842285 0.1320754581027561
0 0.22248430252075196 0.579315185546875 0.024764132499694825 0.1439552730984158
0 0.5007862091064453 0.5803633795844184 0.030660390853881836 0.1278825971815321
0 0.2671973466873169 0.5702306111653646 0.02299528121948242 0.11460516187879774
0 0.382173752784729 0.5877009073893229 0.029677677154541015 0.1411600324842665
7 0.5774371147155761 0.5192173428005642 0.28066039085388184 0.17610062493218315
0 0.18990763425827026 0.5723270840115018 0.027417445182800294 0.1523410373263889
2 0.7397799491882324 0.5373864915635851 0.06053462028503418 0.08944791158040365
0 0.20125787258148192 0.5733752780490451 0.024764156341552733 0.1474493662516276
7 0.512775182723999 0.5520615471733941 0.15212268829345704 0.10761706034342448
0 0.4247248649597168 0.5600978427463108 0.02004718780517578 0.08874914381239149
0 0.7918632507324219 0.5740741305881076 0.021619462966918947 0.09014676411946615
0 0.7254323959350586 0.5702306111653646 0.020833349227905272 0.10482181972927518
0 0.7722091674804688 0.573025894165039 0.0161163330078125 0.08944795396592882
7 0.47307391166687013 0.5527603149414062 0.0742924690246582 0.10202657911512587
0 0.7291666984558105 0.56883299085829 0.02594337463378906 0.10901468065049913
