0 0.5609276771545411 0.7012579176161025 0.11006293296813965 0.4269741906060113
7 0.6110456466674805 0.5230608198377821 0.2079402446746826 0.1767994350857205
0 0.3386399507522583 0.58979738023546 0.04127359390258789 0.18169114854600693
0 0.46128149032592775 0.5670859866672092 0.04284591674804687 0.2159328884548611
0 0.9473270416259766 0.58979738023546 0.0345911979675293 0.1411600324842665
0 0.4064465522766113 0.5782669915093316 0.02908806800842285 0.1362683614095052
0 0.171875 0.5803634219699436 0.059551894664764404 0.267645009358724
0 0.30699687004089354 0.5873515235053168 0.02437105178833008 0.14046122233072916
0 0.2759434223175049 0.5943396674262152 0.029481148719787596 0.13766598171657987
0 0.2477397918701172 0.5782669915093316 0.03046383857727051 0.14605174594455295
0 0.7784984588623047 0.5709294637044271 0.020833349227905272 0.12299092610677083
2 0.7425314903259277 0.5391335381401909 0.06446542739868164 0.09294200473361545
0 0.2220911979675293 0.5814116583930121 0.025157237052917482 0.14255765279134114
2 0.5102201461791992 0.5454228295220269 0.07311320304870605 0.07896575927734376
0 0.05575619339942932 0.5747728983561198 0.04178950786590576 0.17260657416449654
0 0.1095961093902588 0.5614954630533854 0.025304639339447023 0.1278825971815321
0 0.508451271057129 0.5828092363145616 0.020833349227905272 0.12438854641384549
2 0.8349057197570801 0.5600978427463108 0.10534591674804687 0.07756809658474392
0 0.8431604385375977 0.5828092787000868 0.02908802032470703 0.11041230095757379
0 0.48938684463500975 0.5782669915093316 0.02122645378112793 0.12508735656738282
0 0.8266510009765625 0.5821104261610243 0.019654083251953124 0.11180992126464843
0 0.43494501113891604 0.5768693712022569 0.020833349227905272 0.13766598171657987
0 0.0921531081199646 0.5531097412109375 0.02442020773887634 0.13766598171657987
2 0.8154481887817383 0.5593990749782987 0.06250004768371582 0.07337523566351997
0 0.2840998649597168 0.5894479539659289 0.026926112174987794 0.14185884263780382
2 0.7270047664642334 0.55835083855523 0.03419809341430664 0.09084557427300347
7 0.7421383857727051 0.539482922024197 0.06446537971496583 0.09364081488715278
26 0.6039701461791992 0.7361985100640192 0.023977994918823242 0.11670159233940972
0 0.8372641563415527 0.5824598524305555 0.03616352081298828 0.1111111111111111
2 0.8069969177246094 0.556254408094618 0.0463836669921875 0.06848356458875868
0 0.2072523593902588 0.5705800374348958 0.02063678503036499 0.15164222717285156
2 0.5110063076019287 0.5600978427463108 0.07389936447143555 0.10272534688313802
0 0.1350235939025879 0.5716282738579644 0.024567604064941406 0.15932913886176214
2 0.8710692405700684 0.5702306535508898 0.033018875122070315 0.06009784274631076
