0 0.3695951461791992 0.7201258341471354 0.10357704162597656 0.4842767079671224
7 0.6086871147155761 0.5209643893771702 0.2079402446746826 0.17260657416449654
0 0.2451847553253174 0.5765199449327257 0.02496068477630615 0.1467505560980903
0 0.14544025659561158 0.5639413197835287 0.051100635528564455 0.30887493557400175
0 0.9654088973999023 0.635569593641493 0.06132078170776367 0.26065695020887586
0 0.20322327613830565 0.5758211347791884 0.023191821575164796 0.1425576951768663
0 0.22268083095550537 0.5821104261610243 0.025550317764282227 0.1411600324842665
2 0.8335298538208008 0.5635919358995226 0.1065251350402832 0.08176099989149306
2 0.749017333984375 0.5377358754475912 0.07743711471557617 0.09014672173394098
0 0.4813286781311035 0.5800139957004123 0.01690249443054199 0.12299092610677083
0 0.49272799491882324 0.5800139957004123 0.024764156341552733 0.12438854641384549
0 0.5420598030090332 0.5716282314724392 0.02044024467468262 0.11041230095757379
0 0.43848271369934083 0.5842068990071615 0.021619510650634766 0.12578616672092013
0 0.563679313659668 0.5723270840115018 0.0220125675201416 0.11879806518554688
0 0.7089229583740234 0.5744235144721137 0.020833349227905272 0.12858140733506945
0 0.9072327613830566 0.5814116583930121 0.033018875122070315 0.1132075415717231
7 0.48781452178955076 0.5534591674804688 0.09905657768249512 0.10342419942220052
0 0.32910771369934083 0.579315185546875 0.026533007621765137 0.1607267591688368
0 0.09114583730697631 0.5387841118706598 0.019752359390258788 0.10482181972927518
26 0.40546388626098634 0.761006334092882 0.04205975532531738 0.11740044487847222
2 0.4870283126831055 0.5538085513644748 0.09748425483703613 0.09853252834743924
0 0.39956762790679934 0.5192173428005642 0.031839609146118164 0.12997907002766926
0 0.4223663806915283 0.5747728983561198 0.018474864959716796 0.13487069871690538
26 0.4067413806915283 0.7613557603624131 0.03871853351593017 0.1139063941107856
0 0.07471010684967042 0.5433263990614149 0.019998037815093996 0.09294200473361545
0 0.2669025421142578 0.5677847968207466 0.024371075630187988 0.11670159233940972
0 0.17590410709381105 0.5698812696668837 0.02279874086380005 0.15863032870822483
26 0.40438289642333985 0.7603074815538194 0.04422171115875244 0.11879806518554688
0 0.3129913806915283 0.5828092787000868 0.02220914363861084 0.1411600324842665
0 0.8962265014648437 0.5807128058539497 0.018867969512939453 0.10202657911512587
0 0.4872248649597168 0.575122324625651 0.027908802032470703 0.11740044487847222
0 0.3173152685165405 0.5814116583930121 0.019850635528564455 0.1495457543267144
7 0.7492138862609863 0.5370370652940538 0.07704401016235352 0.08874910142686632
2 0.8553459167480468 0.5639413621690538 0.06289300918579102 0.07966456943088107
