0 0.9591195106506347 0.6394130282931858 0.0691823959350586 0.32564642164442276
0 0.8801101684570313 0.6477987925211589 0.06839628219604492 0.3004892137315538
0 0.051186615228652955 0.719426981608073 0.09967079758644104 0.5541579776340061
0 0.33598666191101073 0.5698812696668837 0.04618711471557617 0.2508735232883029
7 0.6098663806915283 0.5195667690700955 0.20715408325195311 0.16981133355034722
2 0.8242924690246582 0.5618448893229167 0.08254714012145996 0.07826694912380643
0 0.24469342231750488 0.5747728983561198 0.025550293922424316 0.1502446068657769
0 0.22179639339447021 0.5796646118164063 0.02417454719543457 0.14325646294487848
0 0.5007862091064453 0.5807128058539497 0.025943422317504884 0.13277431064181858
0 0.620872688293457 0.5782669915093316 0.027122640609741212 0.12648497687445748
0 0.10220127105712891 0.5733752780490451 0.05169025659561157 0.28301883273654516
7 0.517492151260376 0.556254408094618 0.16155662536621093 0.11180992126464843
0 0.2667059898376465 0.5712788475884332 0.02319183349609375 0.11530397203233507
0 0.19054639339447021 0.5719776577419705 0.03085693120956421 0.15164222717285156
0 0.5222091674804688 0.575122324625651 0.021619462966918947 0.12299092610677083
0 0.3695951461791992 0.5786163753933377 0.026533031463623048 0.15653389824761285
0 0.38659594058990476 0.5890985276963976 0.025550317764282227 0.13976241217719185
0 0.1959512710571289 0.5740741305881076 0.027908802032470703 0.14605174594455295
2 0.743710708618164 0.5492663065592448 0.06603770256042481 0.08245981004503038
2 0.7558962821960449 0.5538085513644748 0.08883647918701172 0.11809921264648438
2 0.5202437400817871 0.5576520284016927 0.1670597553253174 0.11879806518554688
0 0.313089656829834 0.5842068990071615 0.018474841117858888 0.14675051371256512
26 0.07065645456314087 0.7907058715820312 0.03675314784049988 0.15863028632269965
0 0.7234670162200928 0.56883299085829 0.020833301544189452 0.10621944003634982
