0 0.8612421989440918 0.6491963704427083 0.06525154113769531 0.3046820322672526
0 0.9430031776428223 0.6491963704427083 0.0699686050415039 0.32285118103027344
0 0.07393622398376465 0.5765199449327257 0.06989485621452332 0.28930816650390623
0 0.3242924690246582 0.5691824171278211 0.048742151260375975 0.25646404690212676
7 0.611242151260376 0.5181691487630208 0.20754718780517578 0.16701609293619793
0 0.24479167461395263 0.5744235144721137 0.025353765487670897 0.15094341701931424
0 0.22218947410583495 0.5786164177788629 0.02417452335357666 0.1439552730984158
0 0.6025943756103516 0.5779175652398003 0.03616352081298828 0.12997902764214408
0 0.3696934223175049 0.5775681389702692 0.026336479187011718 0.16142556932237412
0 0.38659594058990476 0.58979738023546 0.027122640609741212 0.1411600324842665
0 0.19231526851654052 0.5695318433973524 0.028498423099517823 0.1551362779405382
2 0.8176101684570313 0.5618448893229167 0.07075471878051758 0.07966456943088107
7 0.5149371147155761 0.55835083855523 0.15644655227661133 0.11320758395724827
0 0.020421826839447023 0.7288609822591146 0.041556113958358766 0.5241090562608507
0 0.26680426597595214 0.5698812272813585 0.023388361930847167 0.11390635172526041
0 0.9874214172363281 0.6470999823676216 0.02830190658569336 0.32424880133734807
7 0.4972484588623047 0.5527603149414062 0.12185535430908204 0.10202657911512587
0 0.5147405624389648 0.573025894165039 0.023977994918823242 0.11740044487847222
0 0.7104952812194825 0.5740741305881076 0.022405672073364257 0.09993010626898871
0 0.506485891342163 0.5779175652398003 0.029481124877929688 0.1271837870279948
2 0.7409591674804688 0.5621943155924479 0.058962249755859376 0.10691825018988715
0 0.5003931045532226 0.5803634219699436 0.022798728942871094 0.1306778801812066
2 0.7415488243103028 0.5447240193684896 0.06171383857727051 0.0971348656548394
2 0.7382075786590576 0.5496156904432509 0.052672958374023436 0.07617051866319445
0 0.1697622060775757 0.543675782945421 0.019948899745941162 0.08944795396592882
