0 0.8309748649597168 0.6726066165500217 0.07704405784606934 0.3556953430175781
0 0.3248821020126343 0.5632425096299913 0.04363207817077637 0.2683438195122613
7 0.6100629329681396 0.5178197224934896 0.20125789642333985 0.16631728278266059
0 0.5740959167480468 0.5677847968207466 0.031053495407104493 0.19496858384874133
0 0.3607508182525635 0.5908455742730034 0.03596699237823486 0.17400423685709634
0 0.1412637710571289 0.5747728983561198 0.04156839847564697 0.15863032870822483
0 0.7128538131713867 0.5796646118164063 0.03498430252075195 0.12089449564615885
0 0.9202044486999512 0.5821104261610243 0.030660438537597656 0.12718382941351997
2 0.755306625366211 0.5531097412109375 0.09001574516296387 0.11390635172526041
7 0.49744501113891604 0.5587002224392361 0.12146229743957519 0.11809925503200955
0 0.5155267715454102 0.5789657592773437 0.031839609146118164 0.1278825971815321
0 0.03526066541671753 0.5730258517795139 0.04425854980945587 0.19846263461642796
0 0.23624215126037598 0.5845562828911676 0.02908806800842285 0.16561847262912327
0 0.4243317604064941 0.5828092787000868 0.03262581825256348 0.12718382941351997
0 0.8958333969116211 0.5744235144721137 0.02437105178833008 0.12159330579969618
0 0.46639156341552734 0.575122324625651 0.02004714012145996 0.11600282457139757
0 0.21088838577270508 0.5803634219699436 0.031446528434753415 0.16701609293619793
0 0.4868317604064941 0.5761705186631945 0.022405672073364257 0.12508735656738282
0 0.4093946933746338 0.5810622321234808 0.021619510650634766 0.12368973626030816
26 0.8667453765869141 0.6967156304253472 0.03694963455200195 0.08944791158040365
0 0.27387974262237547 0.5716282314724392 0.021422958374023436 0.11041230095757379
0 0.2539308309555054 0.5740741305881076 0.02122640609741211 0.1474493662516276
0 0.5945362091064453 0.5782669915093316 0.024764156341552733 0.12229211595323351
2 0.49705190658569337 0.5590496487087674 0.12146224975585937 0.11740044487847222
0 0.18214427232742308 0.579315185546875 0.030365562438964842 0.1523410373263889
0 0.6422956466674805 0.5702306111653646 0.02122640609741211 0.10482181972927518
7 0.7545205116271972 0.5517121209038629 0.09158806800842285 0.11530397203233507
0 0.618710708618164 0.5779175652398003 0.0220125675201416 0.12159330579969618
0 0.4160770416259766 0.5817609998914931 0.033411931991577146 0.12648497687445748
