0 0.75 0.6024501120397286 0.40094340006510415 0.2907566491232183
2 0.21147796630859375 0.7507772939328581 0.2594339396158854 0.38570958657633164
1 0.18720517985026042 0.3116934934417198 0.17433174641927082 0.5184078612426544
4 0.4803458658854166 0.5679485667315266 0.024371053059895835 0.04246349673355839
4 0.44084114583333334 0.5797439350071895 0.0404874267578125 0.05189975472383721
1 0.5831367594401041 0.3874789192903695 0.12932389322916665 0.33616894213787823
1 0.4817216796875 0.5322674662806327 0.07507861328125 0.11618468581989246
4 0.4406446126302083 0.5791541879610528 0.0408804931640625 0.054258865009221065
4 0.4799527994791667 0.5700127424434234 0.024371053059895835 0.04659184815735184
1 0.03278547668457031 0.4464559438199394 0.06856819661458333 0.5461270713186109
4 0.44084114583333334 0.5797439960576082 0.0404874267578125 0.053079309866529124
5 0.6711870930989583 0.6186687663126719 0.06407230631510416 0.01887263808139535
5 0.6778694661458333 0.6404903227760065 0.08687109375 0.03184762255016879
5 0.6776729329427084 0.6416698168682796 0.08647802734375 0.03066806740747687
4 0.44084114583333334 0.5791541879610528 0.0404874267578125 0.054258865009221065
5 0.6772798258463542 0.6413749433452113 0.08569181315104167 0.030078320361340335
5 0.6778694661458333 0.6390158330598275 0.08687109375 0.032437369596305325
5 0.42413517252604166 0.6593629608574019 0.0471697998046875 0.020052193224087272
5 0.42393863932291664 0.6605424549496749 0.0475628662109375 0.020052193224087272
5 0.6772798665364583 0.6407851962990748 0.08726416015625 0.03007825931092148
5 0.6780659993489583 0.6384260860136909 0.08647798665364584 0.031257814453613406
4 0.44044807942708336 0.5800388695806764 0.0404874267578125 0.0524895628203926
4 0.3458136800130208 0.49776592097243055 0.03125002034505208 0.040104355922965115
5 0.6788521728515625 0.6328232448737184 0.08490568033854166 0.034206610734714926
5 0.419811279296875 0.6620168836154351 0.05581758626302084 0.025360099790572643
4 0.34581363932291664 0.4980607944954989 0.030463826497395832 0.04069410296910165
5 0.41588045247395833 0.6658504225665791 0.06367923990885417 0.030668006357058016
4 0.14622640991210936 0.5372805603744686 0.0251572265625 0.0849269018914885
4 0.14470321655273438 0.5411140382751938 0.025845133463541666 0.07843940965710178
4 0.48093554687499995 0.5679485667315266 0.02397798665364583 0.04364299082583146
5 0.6790486653645833 0.6316437507814454 0.08294022623697916 0.034206671785133785
5 0.42256290690104165 0.6599527079035384 0.051100626627604166 0.020052193224087272
4 0.14809354654947918 0.5337418949463929 0.022209126790364582 0.0920041716972212
4 0.14470321655273438 0.5408191647521255 0.025845133463541666 0.07902918722844773
5 0.41529085286458334 0.5187027958161415 0.05542451985677083 0.017103335892566893
5 0.6772798258463542 0.6310540037353088 0.081760986328125 0.027129401979401096
5 0.41420987955729166 0.5240107023826269 0.063089599609375 0.02182149541291573
5 0.16018081665039063 0.580628616626813 0.08805031331380209 0.03479641883127032
5 0.41578222656249997 0.5104460013929264 0.052083333333333336 0.017103335892566893
5 0.2619889729817708 0.5691281218742186 0.05778302001953125 0.020052193224087272
5 0.416371826171875 0.6679145982784759 0.06426888020833334 0.03361692473899725
5 0.4172562662760417 0.5089715727271662 0.04756290690104167 0.01651358884643036
5 0.26208723958333335 0.5717821056826706 0.05758648681640625 0.023001050555607656
5 0.4177476399739583 0.6623118181889223 0.06151729329427084 0.025949907887128035
1 0.3453223063151042 0.4718160741357214 0.041666666666666664 0.10026093559522695
5 0.15919810994466146 0.5803337431037446 0.09001572672526041 0.03656578207051763
5 0.262775146484375 0.5691281218742186 0.056210693359375 0.01887263808139535
4 0.47936319986979165 0.5667690115888347 0.025550333658854167 0.04364299082583146
5 0.412539306640625 0.5098562238215804 0.05778299967447917 0.01946241565274131
5 0.41185139973958335 0.6761713621764817 0.053655680338541664 0.019462385127531883
5 0.41479947916666665 0.5254851310483871 0.06191035970052084 0.016513527796011503
1 0.34522403971354165 0.4718160741357214 0.041077046712239586 0.10026093559522695
5 0.15905069986979167 0.5797439350071893 0.08991743977864583 0.034206610734714926
4 0.44025154622395835 0.5800388695806764 0.04245284016927083 0.0524895628203926
5 0.4120479329427083 0.49599661878360213 0.049331787109375 0.017693082938703426
4 0.4797562662760417 0.5703076159664916 0.026336507161458335 0.050720260631564144
4 0.14745479329427083 0.5307930376148725 0.023683176676432292 0.0955427760748781
5 0.40841194661458335 0.5803336820533258 0.05581758626302084 0.03302711664244186
5 0.4114583333333333 0.6746969945611403 0.0528695068359375 0.020052193224087272
5 0.4099842529296875 0.5723718527288072 0.055817626953125 0.023001050555607656
5 0.4128341064453125 0.4954068717374656 0.04854557291666667 0.01651355832122093
5 0.2619889729817708 0.5697178689203551 0.05778302001953125 0.021231748366779195
1 0.3450275065104167 0.472405821181858 0.041863199869791666 0.1014404296875
4 0.48113208007812497 0.5664741380657664 0.025943400065104167 0.04659184815735184
5 0.3364779866536458 0.5912444908102026 0.009040873209635416 0.0690030906164041
5 0.416568359375 0.5080869216327519 0.04815254720052083 0.015923811275084396
5 0.15865761311848958 0.579449061484121 0.09031053670247396 0.03479641883127032
1 0.3453223063151042 0.47270069470492615 0.040880513509114584 0.10203023778405537
5 0.34178458658854166 0.5912444908102026 0.01139935302734375 0.0690030906164041
5 0.178557373046875 0.605398969371249 0.08235061645507813 0.028898704168229556
5 0.2728970133463542 0.6133608597461866 0.07173740641276041 0.0377452761627907
1 0.34522403971354165 0.47417512337068635 0.04147013346354167 0.10497909511557577
5 0.4115565592447917 0.6723378842757565 0.0534591064453125 0.02477035274443611
5 0.41588045247395833 0.5263697516175919 0.0597484130859375 0.013564731514909978
5 0.416371826171875 0.5275493067602838 0.05876570638020833 0.012385176372218054
4 0.4654087727864583 0.5605764234027257 0.014150919596354167 0.05248950176997375
