0 0.840802001953125 0.7484277513292099 0.31525163650512694 0.4849755605061849
1 0.810338020324707 0.48427675035264756 0.08372640609741211 0.1439552730984158
1 0.14863404035568237 0.4182390001085069 0.2538325548171997 0.5737247043185764
2 0.08785378336906433 0.6715583801269531 0.17433177232742308 0.3088749779595269
3 0.49331760406494146 0.24737947252061632 0.2460691928863525 0.27113910251193574
4 0.40271224975585945 0.6858840094672309 0.06800312995910644 0.10831582811143663
0 0.10785181522369384 0.8459120008680555 0.21511402130126953 0.2941998375786675
4 0.16244103908538818 0.6390636020236545 0.0823506236076355 0.1320754581027561
1 0.41666669845581056 0.5356394449869791 0.13050317764282227 0.4185884263780381
4 0.4718946456909179 0.7183787875705294 0.0632861614227295 0.12019568549262152
4 0.16303067207336425 0.6390636020236545 0.08077831268310547 0.1320754581027561
5 0.37028303146362307 0.7973445468478733 0.10062892436981201 0.0517120361328125
4 0.8128931045532226 0.5321453942192925 0.02830190658569336 0.05101326836480036
0 0.0874484121799469 0.6708595699734159 0.17357016801834108 0.30887493557400175
