couch 0.497641493347045 0.6744563005623521 0.4795597401779718 0.26100535644916634
potted plant 0.6814072731279383 0.43423897879464285 0.217374220848724 0.2379075240787786
bowl 0.556800259192411 0.7382640040758189 0.04677668789875756 0.030604626686439425
chair 0.8294024670500336 0.8121770483918705 0.2830188963859973 0.33896045037490136
vase 0.6591981169199127 0.5370243015304361 0.018867922053391536 0.03233692678016476
cup 0.48270438292268303 0.7714671290758189 0.027515714195768974 0.03811142100249112
vase 0.6593946755372734 0.5370243015304361 0.01926097370298858 0.031182027935699484
chair 0.17428261351473304 0.8087123518584747 0.29058568171801546 0.34357999757978985
dining table 0.5041273374538281 0.851732068863457 0.2032232465161182 0.23906242292324387
bowl 0.440251558302552 0.7746430768116122 0.029874220848723976 0.03637902456282064
couch 0.17418435060233378 0.80928984945368 0.2915683764271323 0.34473489642425514
bowl 0.48270438292268303 0.7714671290758189 0.027515714195768974 0.03811142100249112
couch 0.8294024670500336 0.8124657971894731 0.2830188963859973 0.3383830009526687
book 0.22577633111568166 0.5661852805748077 0.06534983761123236 0.019055686414759274
book 0.22538324667352252 0.5889943641475928 0.07871462666323875 0.01963313583699191
book 0.22685730513347885 0.5849522663649369 0.0793042533264775 0.024252683041880427
book 0.22562892854894223 0.5676288800439029 0.06682389607118872 0.01847823699252664
book 0.22508844154004368 0.5658965799501776 0.06554637983231196 0.017323338148061366
book 0.22710298700889858 0.5852409669895668 0.07802673708760074 0.020210585259224548
book 0.224203993347045 0.5661852805748077 0.06377751623887676 0.017900787570294
book 0.2253832466735225 0.5872620640538674 0.07792845777892042 0.01847823699252664
book 0.22995282462013095 0.5350032526391081 0.05188678564682673 0.04677311416300809
book 0.2257272078576226 0.5892831129451953 0.08156446427447112 0.021365484103689818
bowl 0.7798741552635997 0.5491506430513763 0.03694967522246474 0.020788082854429756
book 0.22592373368242108 0.5875507646784974 0.08038522734427468 0.02252038294815509
book 0.22562892854894223 0.5863958658340321 0.07783019486652115 0.019055686414759274
book 0.22670990256673942 0.5843748169427042 0.07802672069131968 0.01732338632103394
book 0.22710298700889858 0.5679176288415055 0.07645439931896407 0.024830180637085635
book 0.22690644478781902 0.5866845664586622 0.08038522734427468 0.024252731214853
