chair 0.23132862636021206 0.7884581899884995 0.3785377284458705 0.40924401452698683
chair 0.7898978097098214 0.7989336972309248 0.3856132289341518 0.3827060370275817
couch 0.4418239048549107 0.5167928008258645 0.4080188860212054 0.3813092769099976
cup 0.3326454380580357 0.5995495016804806 0.028498426164899553 0.08589935302734375
potted plant 0.11003832135881696 0.17598888958771214 0.13251768929617747 0.17040194593710342
potted plant 0.2433176095145089 0.2891246195371986 0.049528307233537947 0.15922803927194043
potted plant 0.20233884538922992 0.4190211804385113 0.07527514866420201 0.39108640409363105
potted plant 0.6613600812639508 0.5192370729398001 0.11988996233258929 0.14595903115829234
cup 0.3932782854352679 0.5761541376259122 0.02555031912667411 0.07402708566733424
pot 0.3657625906808036 0.5499653307919575 0.0467767333984375 0.12221449643827333
potted plant 0.7179638671875 0.4081964638027443 0.07900948660714285 0.15154599417284662
potted plant 0.3169221714564732 0.21300243242137928 0.10043239048549107 0.24023878997957646
potted plant 0.27731920514787944 0.327360279063888 0.03301886422293527 0.060408887524290134
potted plant 0.27712265014648435 0.3270111083984375 0.033018886021205354 0.06110724821913666
potted plant 0.27751573835100446 0.327360279063888 0.03301886422293527 0.060408887524290134
potted plant 0.01680424690246582 0.22382714905714626 0.03518081937517439 0.11383409064433295
chair 0.9791666957310268 0.7626185538199952 0.04009434291294643 0.2458257529941307
chair 0.9791666957310268 0.7734432317278711 0.04166660853794643 0.274458909397803
bowl 0.10878537859235492 0.24023880934352196 0.0625 0.042600486484275855
dining table 0.93789306640625 0.7559840788090895 0.12893075125558034 0.45882814668761895
cup 0.9716981724330357 0.5667261423798382 0.026729561941964287 0.04958417088852316
book 0.014150943756103516 0.4267032061736596 0.027220911298479353 0.16900522454741038
vase 0.5681997244698661 0.16865601515406883 0.03262577601841518 0.059361327118074826
potted plant 0.8671384102957589 0.2863311380299215 0.2688678850446429 0.5698688332804569
book 0.0649567631312779 0.4640659777646137 0.03606524876185826 0.035616802080028556
