57 0.7024253731343284 0.7967767601469123 0.5900177077867499 0.38915097665976717
58 0.9159509459538246 0.5786163208494148 0.0981726954825482 0.09433962149449078
58 0.5718557253405823 0.5395047009228711 0.20125393843769435 0.1764937017068445
58 0.9159509459538246 0.5786163208494148 0.0981726954825482 0.09355345950183641
58 0.9009795687091884 0.8392295685422373 0.19683617738942008 0.3089622710330553
75 0.22800601181106186 0.2888168395752926 0.03779647599405317 0.037146245340902016
58 0.2602802675161789 0.2567806775826382 0.1151074461675995 0.1016116351245409
58 0.8187600510630442 0.577240598154258 0.11780718903043377 0.0711478427111865
73 0.29108193620520445 0.6367924298898158 0.21892503956657144 0.06918243772955054
73 0.11412572149020522 0.4124410560881474 0.11535287733694807 0.07920597273989978
