56 0.6792452896884049 0.8123662889618235 0.18867922749758687 0.28968095287834245
57 0.4607900965628016 0.6580796389235664 0.3221305051825682 0.20991374536887886
56 0.11426395430988326 0.6885171477327642 0.14686516721276244 0.28233400325185243
60 0.941823893072062 0.8850489350938305 0.11477991052576013 0.21988465613925579
56 0.9736635657350989 0.9097137451171875 0.05110062411392978 0.1747531694235261
58 0.8545597032230333 0.34255301092088836 0.09748427932326859 0.12096279183613885
58 0.6735455722882481 0.43268475090105507 0.22287735515579754 0.5242595869241301
58 0.865959138023347 0.3429465932944386 0.07311322422101231 0.12017560742565037
56 0.9728773551557975 0.7585758327208844 0.054245289688404925 0.042507525571842786
58 0.44496855864653717 0.22434533502637727 0.15644653791626448 0.20938896887081185
58 0.6981132242210123 0.4660085697763974 0.1713836552093388 0.44396760291659954
56 0.9724842793232685 0.7588382996234697 0.055031441353462836 0.04303238072346166
56 0.9728773551557975 0.7585758327208844 0.054245289688404925 0.042507525571842786
60 0.46599841025805383 0.7898005849307346 0.2197326895813224 0.183674527197769
