0 0.4858490545099432 0.6798065351855203 0.5393081942471591 0.300434413982672
1 0.5489387096058239 0.6176578199506131 0.19300317937677558 0.253896562539914
4 0.5385220059481534 0.6968900592190693 0.05660378196022727 0.09071944649927623
2 0.15492334539240057 0.7982130336501619 0.2727004727450284 0.38290663051345364
2 0.8156446977095171 0.7719986835032783 0.2460692249644886 0.3587540462816119
0 0.36988991477272726 0.6780392597416766 0.31210690585049716 0.28865263312649014
2 0.9736634410511364 0.6718538788423876 0.05424527254971591 0.24800567211182306
0 0.155119892467152 0.7985075656984417 0.27309356689453124 0.3823175248398118
0 0.8156446977095171 0.7719986003491145 0.2460692249644886 0.3599322160518137
9 0.5045204856178978 0.7287007261686819 0.04992137562144886 0.057730526625298026
10 0.5030464311079546 0.8456346059690052 0.2706368186257102 0.25036197007514477
0 0.65507080078125 0.6724429429389476 0.20479564319957386 0.3045580705440012
