62 0.4907625913619995 0.5254820212339744 0.1183176338672638 0.10379889072516026
58 0.3624213635921478 0.5313797164749313 0.07075470685958862 0.173391354739011
56 0.746265709400177 0.6263321314102565 0.039701223373413086 0.10733754364125458
75 0.36065250635147095 0.5918307685153388 0.016116350889205933 0.05366877182062729
75 0.36055421829223633 0.5924205514537546 0.01591983437538147 0.05366877182062729
58 0.47228771448135376 0.6882576407967033 0.03891509771347046 0.08138780978136446
57 0.21845518052577972 0.768760731456044 0.4325864613056183 0.3532701876573947
75 0.46599841117858887 0.7442854996565934 0.018474817276000977 0.03184742910084707
75 0.3607507646083832 0.5927154429229624 0.015919804573059082 0.05307903359661172
75 0.3612421154975891 0.5924205514537546 0.01729559898376465 0.05366877182062729
58 0.42531442642211914 0.6009721804887821 0.024371057748794556 0.021231604495764653
75 0.36094731092453003 0.5921257046989469 0.01749211549758911 0.05425855475904304
75 0.4701257646083832 0.7130278087797619 0.014937102794647217 0.03538599258814103
57 0.39416271448135376 0.7796714028159341 0.7902908325195312 0.3774506174164377
56 0.5475628972053528 0.8681364290006868 0.22405663132667542 0.15569840315934066
58 0.42531445622444153 0.6186651320684524 0.02515721321105957 0.05661759708390568
58 0.47189462184906006 0.6749878823975504 0.03891506791114807 0.05602785885989011
57 0.5475628972053528 0.8684312757554945 0.22405663132667542 0.1539290543440934
57 0.3950471580028534 0.8769829942193224 0.7900943160057068 0.208777347327152
75 0.465015709400177 0.7445803464114011 0.016509413719177246 0.03243712261046246
58 0.6027908325195312 0.5750224466288919 0.02869492769241333 0.07195155105311356
57 0.25466784834861755 0.7018222906650641 0.2705385088920593 0.21821365076980312
58 0.6022012233734131 0.5756122295673077 0.02908802032470703 0.07313107221554487
75 0.6055424213409424 0.6003823975503663 0.012185513973236084 0.027129255022321427
