56 0.15617630004882813 0.754225594656808 0.1656348164876302 0.3348213831583659
57 0.49754323323567706 0.5980458032517206 0.3909197998046875 0.19794473193940662
56 0.8219340006510417 0.7475572767711821 0.19889938354492187 0.3551774706159319
58 0.8160377502441406 0.37307671138218473 0.16823903401692708 0.5496124994187128
56 0.20509040832519532 0.6201566514514741 0.15585693359375 0.2646282741001674
56 0.7802672831217448 0.6099786304292225 0.14386789957682292 0.25269540150960285
56 0.23054244995117187 0.6124353862944103 0.10573898315429688 0.26182052067347933
58 0.4217767079671224 0.5808485121954055 0.06682388305664062 0.11301099686395555
56 0.7731918334960938 0.8514431544712612 0.10770441691080729 0.20356019337972006
57 0.49390726725260414 0.8258226485479445 0.44378931681315104 0.24357028234572636
56 0.7606131998697917 0.6057670229957217 0.10613210042317708 0.2498876934959775
56 0.3606525166829427 0.600853511265346 0.11595911661783855 0.19513697851271855
75 0.41627357482910154 0.6113825298490978 0.019654083251953124 0.0505390621366955
58 0.8162342325846355 0.2821765627179827 0.16627354939778646 0.3678122247968401
56 0.1802279790242513 0.5759350004650298 0.10613207499186197 0.17758873530796596
56 0.7775157165527343 0.5804975146339053 0.13207550048828126 0.18671380905877977
56 0.7602201334635417 0.5889206840878441 0.1084905497233073 0.21479111626034691
45 0.21648976643880208 0.8468805948893229 0.10947325388590495 0.18460805075509207
56 0.22513758341471354 0.5931322915213448 0.11379716237386067 0.22742589314778647
56 0.8038521830240886 0.5741801488967169 0.10613210042317708 0.18109839303152903
56 0.21653889973958335 0.8542509533110119 0.1097680918375651 0.20215633937290736
56 0.1730542500813802 0.5769878569103423 0.09139151255289714 0.17829068501790366
56 0.9606918334960938 0.6401616959344774 0.0770440673828125 0.140386354355585
45 0.2159984334309896 0.7749325888497489 0.04834906260172526 0.03930823008219401
56 0.7610062662760416 0.5538241068522135 0.10377360026041667 0.1502133778163365
