56 0.6521226501464844 0.4236438751220703 0.14701255798339843 0.1448506546020508
56 0.1944771957397461 0.6110455703735351 0.25098270416259766 0.2794811248779297
57 0.7384040832519532 0.6238207244873046 0.5184748840332031 0.44103771209716797
75 0.23024765014648438 0.45676101684570314 0.030463848114013672 0.050314445495605466
73 0.5469732666015625 0.6159590911865235 0.14819183349609374 0.06132076263427735
45 0.33893474578857424 0.4956760787963867 0.06466194152832032 0.03537734985351562
73 0.5493317413330078 0.6631289672851562 0.14426101684570314 0.04245277404785156
75 0.1799822998046875 0.2866548728942871 0.019359264373779297 0.030070762634277343
45 0.31987030029296876 0.5153302001953125 0.08038522720336914 0.023584938049316405
41 0.5239779663085937 0.3868907165527344 0.024371070861816405 0.02378143310546875
45 0.38463050842285157 0.53164306640625 0.030267295837402345 0.016902503967285157
62 0.3932782745361328 0.34915489196777344 0.12932392120361327 0.10829402923583985
73 0.5530660247802734 0.6479953002929687 0.13522010803222656 0.032625770568847655
73 0.5532625579833984 0.6456367492675781 0.13639938354492187 0.03262580871582031
73 0.5483490371704102 0.6167453002929687 0.14622642517089843 0.06289310455322265
73 0.5526729583740234 0.6487814331054688 0.1336478042602539 0.031839599609375
74 0.22729951858520508 0.28400157928466796 0.017492141723632813 0.023191814422607423
60 0.35868709564208984 0.5735062789916993 0.2055817413330078 0.14229560852050782
73 0.5507075500488281 0.650353775024414 0.1407232666015625 0.031839637756347655
60 0.5153302001953125 0.7444968414306641 0.26336475372314455 0.2562893295288086
73 0.5505110168457031 0.6489779663085937 0.14033016204833984 0.03459117889404297
45 0.4219732666015625 0.5214229583740234 0.04363204956054687 0.023978004455566405
73 0.5501179122924804 0.6483883666992187 0.1395439910888672 0.03655658721923828
58 0.93867919921875 0.3009040832519531 0.03930816650390625 0.06721696853637696
73 0.5493317413330078 0.6483883666992187 0.1403302001953125 0.03577045440673828
41 0.39396617889404295 0.49292449951171874 0.019457550048828126 0.025157203674316408
73 0.5495282745361328 0.6438678741455078 0.13679244995117187 0.03459117889404297
45 0.33166271209716797 0.5353773498535156 0.056407222747802736 0.02437103271484375
73 0.3318592834472656 0.5357704162597656 0.05640724182128906 0.025157203674316408
56 0.07945165157318115 0.5467767333984375 0.06122248649597168 0.13993709564208984
45 0.38954402923583986 0.5108097457885742 0.06603775024414063 0.02397796630859375
73 0.5534590911865235 0.6472090911865235 0.13600627899169923 0.031053428649902345
