56 0.9426100554289641 0.6949685555917245 0.1116352222583912 0.42295600043402776
56 0.8942609998914931 0.6401336669921875 0.11242133246527777 0.3030660558629919
75 0.255404860885055 0.6273584436487268 0.04618709705494068 0.06603772198712385
57 0.4904677779586227 0.5837264449508102 0.4522405836317274 0.23349058363172742
58 0.2967767220956308 0.23457155580873842 0.03930816650390625 0.028891513965747975
58 0.2969732779043692 0.23476808336046007 0.03891508314344618 0.028891499837239584
58 0.296875 0.23466980545609087 0.03871855559172454 0.029088041517469618
58 0.2969732779043692 0.23466980545609087 0.0385220280400029 0.029088041517469618
58 0.29667844419126155 0.234375 0.03950469405562789 0.028498430605287905
73 0.27692611129195605 0.34630502771448207 0.021619500054253473 0.04402516682942708
73 0.3167256108036748 0.34974450005425345 0.011988971851490162 0.04775944462528935
58 0.280169027822989 0.5520833333333334 0.16214622214988425 0.222091222692419
73 0.3164308053475839 0.3496462221498843 0.012578611020688657 0.047955972177010996
73 0.295794027822989 0.34689466688368054 0.014937111183449075 0.048742138897931137
73 0.3163325557002315 0.34954794424551505 0.013954416910807291 0.048545583089192705
73 0.27731916639539933 0.345911944354022 0.020440249972873265 0.04284591674804687
73 0.2775157222041377 0.3461085001627604 0.020833333333333332 0.04363208346896701
73 0.2955974720142506 0.3470911944354022 0.014150944462528936 0.04716983371310764
73 0.3167256108036748 0.34954794424551505 0.011988971851490162 0.04736636126482928
58 0.2967767220956308 0.23457154168023003 0.03852199978298611 0.02928458319769965
73 0.23113206934045863 0.26818002771448207 0.019654083251953124 0.04815249972873264
58 0.29648191663953993 0.23447327790436923 0.039111610695167824 0.028694958157009547
73 0.31426886099356194 0.3492531387894242 0.013364777741608797 0.04756288881655093
60 0.9665881121600116 0.5275157222041378 0.06525161178023726 0.0597484447337963
73 0.2956957499186198 0.34689466688368054 0.01395438865379051 0.04756291707356771
73 0.314661944354022 0.34954794424551505 0.015330194543909144 0.04775941636827257
73 0.2958922774703414 0.3472877219871238 0.014347472014250578 0.047955972177010996
58 0.2967767220956308 0.23516116672092013 0.03852199978298611 0.0300707357901114
73 0.3056210553204572 0.3486635278772425 0.008254694055627893 0.04756288881655093
